# index   rtt_flux1   rtt_flux2
1 0.01032 0.01032
2 0.01832 0.05032
3 0.01832 0.01832
4 0.01832 0.01832
5 0.01832 0.01832
6 0.01832 0.01832
7 0.01832 0.05832
8 0.01832 0.05832
9 0.01832 0.01832
10 0.01832 0.01832
11 0.01832 0.01832
12 0.01832 0.01832
13 0.01832 0.01832
14 0.01832 0.01832
15 0.01832 0.01832
16 0.01832 0.01832
17 0.01832 0.05832
18 0.01832 0.05832
19 0.01832 0.05832
20 0.01832 0.05832
21 0.01832 0.01832
22 0.01832 0.01832
23 0.01832 0.01832
24 0.01832 0.01832
25 0.01832 0.01832
26 0.01832 0.01832
27 0.01832 0.01832
28 0.01832 0.01832
29 0.01832 0.01832
30 0.01832 0.01832
31 0.01832 0.01832
32 0.01832 0.01832
33 0.01832 0.05832
34 0.01832 0.05832
35 0.01832 0.05832
36 0.01832 0.05832
37 0.01832 0.01832
38 0.01832 0.01832
39 0.01832 0.01832
40 0.01832 0.01832
41 0.01832 0.01832
42 0.01832 0.01832
43 0.01832 0.01832
44 0.01832 0.01832
45 0.01832 0.01832
46 0.01832 0.01832
47 0.01832 0.01832
48 0.01832 0.05832
49 0.01832 0.01832
50 0.01832 0.01832
51 0.01832 0.01832
52 0.01832 0.01832
53 0.01832 0.05832
54 0.01832 0.05832
55 0.01832 0.01832
56 0.01832 0.01832
57 0.01832 0.01832
58 0.01832 0.01832
59 0.01832 0.05832
60 0.01832 0.05832
61 0.01832 0.01832
62 0.01832 0.01832
63 0.01832 0.01832
64 0.01832 0.01832
65 0.01832 0.01832
66 0.01832 0.01832
67 0.01832 0.05832
68 0.01832 0.05832
69 0.01832 0.05832
70 0.01832 0.01832
71 0.01832 0.01832
72 0.01832 0.01832
73 0.01832 0.01832
74 0.01832 0.01832
75 0.01832 0.01832
76 0.01832 0.01832
77 0.01832 0.01832
78 0.01832 0.05832
79 0.01832 0.05832
80 0.01832 0.05832
81 0.01832 0.05832
82 0.01832 0.01832
83 0.01832 0.01832
84 0.01832 0.01832
85 0.01832 0.01832
86 0.01832 0.01832
87 0.01832 0.01832
88 0.01832 0.01832
89 0.01832 0.05832
90 0.01832 0.05832
91 0.01832 0.01832
92 0.01832 0.01832
93 0.01832 0.01832
94 0.01832 0.01832
95 0.01832 0.05832
96 0.01832 0.01832
97 0.01832 0.01832
98 0.01832 0.01832
99 0.01832 0.01832
100 0.01832 0.05832
101 0.01832 0.05832
102 0.01832 0.01832
103 0.01832 0.01832
104 0.01832 0.01832
105 0.01832 0.01832
106 0.01832 0.05832
107 0.01832 0.05832
108 0.01832 0.01832
109 0.01832 0.01832
110 0.01832 0.01832
111 0.01832 0.01832
112 0.01832 0.01832
113 0.01832 0.01832
114 0.01832 0.05832
115 0.01832 0.05832
116 0.01832 0.05832
117 0.01832 0.01832
118 0.01832 0.01832
119 0.01832 0.01832
120 0.01832 0.01832
121 0.01832 0.01832
122 0.01832 0.01832
123 0.01832 0.01832
124 0.01832 0.01832
125 0.01832 0.05832
126 0.01832 0.05832
127 0.01832 0.05832
128 0.01832 0.05832
129 0.01832 0.01832
130 0.01832 0.01832
131 0.01832 0.01832
132 0.01832 0.01832
133 0.01832 0.01832
134 0.01832 0.01832
135 0.01832 0.01832
136 0.01832 0.05832
137 0.01832 0.05832
138 0.01832 0.01832
139 0.01832 0.01832
140 0.01832 0.01832
141 0.01832 0.05832
142 0.01832 0.01832
143 0.01832 0.01832
144 0.01832 0.01832
145 0.01832 0.05832
146 0.01832 0.01832
147 0.01832 0.01832
148 0.01832 0.01832
149 0.01832 0.01832
150 0.01832 0.05832
151 0.01832 0.05832
152 0.01832 0.01832
153 0.01832 0.01832
154 0.01832 0.01832
155 0.01832 0.01832
156 0.01832 0.01832
157 0.01832 0.01832
158 0.01832 0.05832
159 0.01832 0.05832
160 0.01832 0.05832
161 0.01832 0.01832
162 0.01832 0.01832
163 0.01832 0.01832
164 0.01832 0.01832
165 0.01832 0.01832
166 0.01832 0.01832
167 0.01832 0.05832
168 0.01832 0.05832
169 0.01832 0.05832
170 0.01832 0.01832
171 0.01832 0.01832
172 0.01832 0.01832
173 0.01832 0.01832
174 0.01832 0.01832
175 0.01832 0.01832
176 0.01832 0.01832
177 0.01832 0.01832
178 0.01832 0.05832
179 0.01832 0.05832
180 0.01832 0.05832
181 0.01832 0.05832
182 0.01832 0.01832
183 0.01832 0.01832
184 0.01832 0.01832
185 0.01832 0.01832
186 0.01832 0.01832
187 0.01832 0.01832
188 0.01832 0.01832
189 0.01832 0.01832
190 0.01832 0.01832
191 0.01832 0.01832
192 0.01832 0.05832
193 0.01832 0.05832
194 0.01832 0.05832
195 0.01832 0.05832
196 0.01832 0.05832
197 0.01832 0.01832
198 0.01832 0.01832
199 0.01832 0.01832
200 0.01832 0.01832
201 0.01832 0.01832
202 0.01832 0.01832
203 0.01832 0.01832
204 0.01832 0.01832
205 0.01832 0.01832
206 0.01832 0.01832
207 0.01832 0.01832
208 0.01832 0.01832
209 0.01832 0.05832
210 0.01832 0.05832
211 0.01832 0.05832
212 0.01832 0.05832
213 0.01832 0.05832
214 0.01832 0.05832
215 0.01832 0.01832
216 0.01832 0.01832
217 0.01832 0.01832
218 0.01832 0.01832
219 0.01832 0.01832
220 0.01832 0.01832
221 0.01832 0.01832
222 0.01832 0.01832
223 0.01832 0.01832
224 0.01832 0.01832
225 0.01832 0.01832
226 0.01832 0.01832
227 0.01832 0.01832
228 0.01832 0.01832
229 0.01832 0.05832
230 0.01832 0.05832
231 0.01832 0.05832
232 0.01832 0.05832
233 0.01832 0.05832
234 0.01832 0.05832
235 0.01832 0.05832
236 0.01832 0.01832
237 0.01832 0.01832
238 0.01832 0.01832
239 0.01832 0.01832
240 0.01832 0.01832
241 0.01832 0.01832
242 0.01832 0.01832
243 0.01832 0.01832
244 0.01832 0.01832
245 0.01832 0.01832
246 0.01832 0.01832
247 0.01832 0.01832
248 0.01832 0.01832
249 0.01832 0.01832
250 0.01832 0.05832
251 0.01832 0.05832
252 0.01832 0.05832
253 0.01832 0.05832
254 0.01832 0.05832
255 0.01832 0.05832
256 0.01832 0.05832
257 0.01832 0.01832
258 0.01832 0.01832
259 0.01832 0.01832
260 0.01832 0.01832
261 0.01832 0.01832
262 0.01832 0.01832
263 0.01832 0.01832
264 0.01832 0.01832
265 0.01832 0.01832
266 0.01832 0.01832
267 0.01832 0.01832
268 0.01832 0.01832
269 0.01832 0.01832
270 0.01832 0.01832
271 0.01832 0.01832
272 0.01832 0.01832
273 0.01832 0.05832
274 0.01832 0.05832
275 0.01832 0.05832
276 0.01832 0.05832
277 0.01832 0.05832
278 0.01832 0.05832
279 0.01832 0.05832
280 0.01832 0.05832
281 0.01832 0.01832
282 0.01832 0.01832
283 0.01832 0.01832
284 0.01832 0.01832
285 0.01832 0.01832
286 0.01832 0.01832
287 0.01832 0.01832
288 0.01832 0.01832
289 0.01832 0.01832
290 0.01832 0.01832
291 0.01832 0.01832
292 0.01832 0.01832
293 0.01832 0.01832
294 0.01832 0.01832
295 0.01832 0.01832
296 0.01832 0.01832
297 0.01832 0.01832
298 0.01832 0.05832
299 0.01832 0.01832
300 0.01832 0.05832
301 0.01832 0.05832
302 0.01832 0.05832
303 0.01832 0.05832
304 0.01832 0.05832
305 0.01832 0.05832
306 0.01832 0.05832
307 0.01832 0.05832
308 0.01832 0.01832
309 0.01832 0.01832
310 0.01832 0.01832
311 0.01832 0.01832
312 0.01832 0.01832
313 0.01832 0.01832
314 0.01832 0.01832
315 0.01832 0.01832
316 0.01832 0.01832
317 0.01832 0.01832
318 0.01832 0.01832
319 0.01832 0.01832
320 0.01832 0.01832
321 0.01832 0.01832
322 0.01832 0.01832
323 0.01832 0.01832
324 0.01832 0.01832
325 0.01832 0.01832
326 0.01832 0.05832
327 0.01832 0.01832
328 0.01832 0.05832
329 0.01832 0.01832
330 0.01832 0.05832
331 0.01832 0.05832
332 0.01832 0.05832
333 0.01832 0.05832
334 0.01832 0.05832
335 0.01832 0.05832
336 0.01832 0.05832
337 0.01832 0.05832
338 0.01832 0.01832
339 0.01832 0.01832
340 0.01832 0.01832
341 0.01832 0.01832
342 0.01832 0.01832
343 0.01832 0.01832
344 0.01832 0.01832
345 0.01832 0.01832
346 0.01832 0.01832
347 0.01832 0.01832
348 0.01832 0.01832
349 0.01832 0.01832
350 0.01832 0.01832
351 0.01832 0.01832
352 0.01832 0.01832
353 0.01832 0.01832
354 0.01832 0.01832
355 0.01832 0.01832
356 0.01832 0.05832
357 0.01832 0.01832
358 0.01832 0.01832
359 0.01832 0.05832
360 0.01832 0.01832
361 0.01832 0.05832
362 0.01832 0.01832
363 0.01832 0.05832
364 0.01832 0.05832
365 0.01832 0.05832
366 0.01832 0.05832
367 0.01832 0.05832
368 0.01832 0.05832
369 0.01832 0.05832
370 0.01832 0.05832
371 0.01832 0.01832
372 0.01832 0.01832
373 0.01832 0.01832
374 0.01832 0.01832
375 0.01832 0.01832
376 0.01832 0.01832
377 0.01832 0.01832
378 0.01832 0.01832
379 0.01832 0.01832
380 0.01832 0.01832
381 0.01832 0.01832
382 0.01832 0.01832
383 0.01832 0.01832
384 0.01832 0.01832
385 0.01832 0.01832
386 0.01832 0.01832
387 0.01832 0.01832
388 0.01832 0.01832
389 0.01832 0.05832
390 0.01832 0.01832
391 0.01832 0.01832
392 0.01832 0.05832
393 0.01832 0.01832
394 0.01832 0.01832
395 0.01832 0.05832
396 0.01832 0.01832
397 0.01832 0.05832
398 0.01832 0.01832
399 0.01832 0.05832
400 0.01832 0.05832
401 0.01832 0.05832
402 0.01832 0.05832
403 0.01832 0.05832
404 0.01832 0.05832
405 0.01832 0.05832
406 0.01832 0.01832
407 0.01832 0.05832
408 0.01832 0.01832
409 0.01832 0.01832
410 0.01832 0.01832
411 0.01832 0.01832
412 0.01832 0.01832
413 0.01832 0.01832
414 0.01832 0.01832
415 0.01832 0.01832
416 0.01832 0.01832
417 0.01832 0.01832
418 0.01832 0.01832
419 0.01832 0.01832
420 0.01832 0.01832
421 0.01832 0.01832
422 0.01832 0.01832
423 0.01832 0.01832
424 0.01832 0.01832
425 0.01832 0.05832
426 0.01832 0.01832
427 0.01832 0.01832
428 0.01832 0.05832
429 0.01832 0.01832
430 0.01832 0.01832
431 0.01832 0.05832
432 0.01832 0.01832
433 0.01832 0.01832
434 0.01832 0.05832
435 0.01832 0.01832
436 0.01832 0.05832
437 0.01832 0.01832
438 0.01832 0.05832
439 0.01832 0.05832
440 0.01832 0.05832
441 0.01832 0.05832
442 0.01832 0.05832
443 0.01832 0.05832
444 0.01832 0.01832
445 0.01832 0.05832
446 0.01832 0.01832
447 0.01832 0.05832
448 0.01832 0.01832
449 0.01832 0.01832
450 0.01832 0.01832
451 0.01832 0.01832
452 0.01832 0.01832
453 0.01832 0.01832
454 0.01832 0.01832
455 0.01832 0.01832
456 0.01832 0.01832
457 0.01832 0.01832
458 0.01832 0.01832
459 0.01832 0.01832
460 0.01832 0.01832
461 0.01832 0.01832
462 0.01832 0.01832
463 0.01832 0.01832
464 0.01832 0.05832
465 0.01832 0.01832
466 0.01832 0.01832
467 0.01832 0.05832
468 0.01832 0.01832
469 0.01832 0.01832
470 0.01832 0.05832
471 0.01832 0.01832
472 0.01832 0.01832
473 0.01832 0.05832
474 0.01832 0.01832
475 0.01832 0.01832
476 0.01832 0.05832
477 0.01832 0.01832
478 0.01832 0.05832
479 0.01832 0.01832
480 0.01832 0.05832
481 0.01832 0.05832
482 0.01832 0.05832
483 0.01832 0.05832
484 0.01832 0.05832
485 0.01832 0.01832
486 0.01832 0.05832
487 0.01832 0.01832
488 0.01832 0.05832
489 0.01832 0.01832
490 0.01832 0.01832
491 0.01832 0.05832
492 0.01832 0.01832
493 0.01832 0.01832
494 0.01832 0.01832
495 0.01832 0.01832
496 0.01832 0.01832
497 0.01832 0.01832
498 0.01832 0.01832
499 0.01832 0.01832
500 0.01832 0.01832
501 0.01832 0.01832
502 0.01832 0.01832
503 0.01832 0.01832
504 0.01832 0.01832
505 0.01832 0.01832
506 0.01832 0.05832
507 0.01832 0.01832
508 0.01832 0.01832
509 0.01832 0.05832
510 0.01832 0.01832
511 0.01832 0.01832
512 0.01832 0.05832
513 0.01832 0.01832
514 0.01832 0.01832
515 0.01832 0.05832
516 0.01832 0.01832
517 0.01832 0.01832
518 0.01832 0.05832
519 0.01832 0.01832
520 0.01832 0.01832
521 0.01832 0.05832
522 0.01832 0.01832
523 0.01832 0.05832
524 0.01832 0.01832
525 0.01832 0.05832
526 0.01832 0.05832
527 0.01832 0.05832
528 0.01832 0.05832
529 0.01832 0.01832
530 0.01832 0.05832
531 0.01832 0.01832
532 0.01832 0.05832
533 0.01832 0.01832
534 0.01832 0.01832
535 0.01832 0.05832
536 0.01832 0.01832
537 0.01832 0.01832
538 0.01832 0.05832
539 0.01832 0.01832
540 0.01832 0.01832
541 0.01832 0.01832
542 0.01832 0.01832
543 0.01832 0.01832
544 0.01832 0.01832
545 0.01832 0.01832
546 0.01832 0.01832
547 0.01832 0.01832
548 0.01832 0.01832
549 0.01832 0.01832
550 0.01832 0.01832
551 0.01832 0.05832
552 0.01832 0.01832
553 0.01832 0.01832
554 0.01832 0.05832
555 0.01832 0.01832
556 0.01832 0.01832
557 0.01832 0.05832
558 0.01832 0.01832
559 0.01832 0.01832
560 0.01832 0.05832
561 0.01832 0.01832
562 0.01832 0.01832
563 0.01832 0.05832
564 0.01832 0.01832
565 0.01832 0.01832
566 0.01832 0.05832
567 0.01832 0.01832
568 0.01832 0.01832
569 0.01832 0.05832
570 0.01832 0.01832
571 0.01832 0.05832
572 0.01832 0.01832
573 0.01832 0.05832
574 0.01832 0.05832
575 0.01832 0.05832
576 0.01832 0.01832
577 0.01832 0.05832
578 0.01832 0.01832
579 0.01832 0.05832
580 0.01832 0.01832
581 0.01832 0.01832
582 0.01832 0.05832
583 0.01832 0.01832
584 0.01832 0.01832
585 0.01832 0.05832
586 0.01832 0.01832
587 0.01832 0.01832
588 0.01832 0.05832
589 0.01832 0.01832
590 0.01832 0.01832
591 0.01832 0.01832
592 0.01832 0.01832
593 0.01832 0.01832
594 0.01832 0.01832
595 0.01832 0.01832
596 0.01832 0.01832
597 0.01832 0.01832
598 0.01832 0.01832
599 0.01832 0.05832
600 0.01832 0.01832
601 0.01832 0.01832
602 0.01832 0.05832
603 0.01832 0.01832
604 0.01832 0.01832
605 0.01832 0.05832
606 0.01832 0.01832
607 0.01832 0.01832
608 0.01832 0.05832
609 0.01832 0.01832
610 0.01832 0.01832
611 0.01832 0.05832
612 0.01832 0.01832
613 0.01832 0.01832
614 0.01832 0.05832
615 0.01832 0.01832
616 0.01832 0.01832
617 0.01832 0.05832
618 0.01832 0.01832
619 0.01832 0.01832
620 0.01832 0.05832
621 0.01832 0.01832
622 0.01832 0.05832
623 0.01832 0.01832
624 0.01832 0.05832
625 0.01832 0.05832
626 0.01832 0.01832
627 0.01832 0.05832
628 0.01832 0.01832
629 0.01832 0.05832
630 0.01832 0.01832
631 0.01832 0.01832
632 0.01832 0.05832
633 0.01832 0.01832
634 0.01832 0.01832
635 0.01832 0.05832
636 0.01832 0.01832
637 0.01832 0.01832
638 0.01832 0.05832
639 0.01832 0.01832
640 0.01832 0.01832
641 0.01832 0.05832
642 0.01832 0.01832
643 0.01832 0.01832
644 0.01832 0.01832
645 0.01832 0.01832
646 0.01832 0.01832
647 0.01832 0.01832
648 0.01832 0.01832
649 0.01832 0.01832
650 0.01832 0.05832
651 0.01832 0.01832
652 0.01832 0.01832
653 0.01832 0.05832
654 0.01832 0.01832
655 0.01832 0.01832
656 0.01832 0.05832
657 0.01832 0.01832
658 0.01832 0.01832
659 0.01832 0.05832
660 0.01832 0.01832
661 0.01832 0.01832
662 0.01832 0.05832
663 0.01832 0.01832
664 0.01832 0.01832
665 0.01832 0.05832
666 0.01832 0.01832
667 0.01832 0.01832
668 0.01832 0.05832
669 0.01832 0.01832
670 0.01832 0.01832
671 0.01832 0.05832
672 0.01832 0.01832
673 0.01832 0.01832
674 0.01832 0.05832
675 0.01832 0.01832
676 0.01832 0.05832
677 0.01832 0.01832
678 0.01832 0.05832
679 0.01832 0.01832
680 0.01832 0.05832
681 0.01832 0.01832
682 0.01832 0.05832
683 0.01832 0.01832
684 0.01832 0.01832
685 0.01832 0.05832
686 0.01832 0.01832
687 0.01832 0.01832
688 0.01832 0.05832
689 0.01832 0.01832
690 0.01832 0.01832
691 0.01832 0.05832
692 0.01832 0.01832
693 0.01832 0.01832
694 0.01832 0.05832
695 0.01832 0.01832
696 0.01832 0.01832
697 0.01832 0.05832
698 0.01832 0.01832
699 0.01832 0.01832
700 0.01832 0.01832
701 0.01832 0.01832
702 0.01832 0.01832
703 0.01832 0.01832
704 0.01832 0.05832
705 0.01832 0.01832
706 0.01832 0.01832
707 0.01832 0.05832
708 0.01832 0.01832
709 0.01832 0.01832
710 0.01832 0.05832
711 0.01832 0.01832
712 0.01832 0.01832
713 0.01832 0.05832
714 0.01832 0.01832
715 0.01832 0.01832
716 0.01832 0.05832
717 0.01832 0.01832
718 0.01832 0.01832
719 0.01832 0.05832
720 0.01832 0.01832
721 0.01832 0.01832
722 0.01832 0.05832
723 0.01832 0.01832
724 0.01832 0.01832
725 0.01832 0.05832
726 0.01832 0.01832
727 0.01832 0.01832
728 0.01832 0.05832
729 0.01832 0.01832
730 0.01832 0.01832
731 0.01832 0.05832
732 0.01832 0.01832
733 0.01832 0.05832
734 0.01832 0.01832
735 0.01832 0.01832
736 0.01832 0.05832
737 0.01832 0.01832
738 0.01832 0.05832
739 0.01832 0.01832
740 0.01832 0.01832
741 0.01832 0.05832
742 0.01832 0.01832
743 0.01832 0.01832
744 0.01832 0.05832
745 0.01832 0.01832
746 0.01832 0.01832
747 0.01832 0.05832
748 0.01832 0.01832
749 0.01832 0.01832
750 0.01832 0.05832
751 0.01832 0.01832
752 0.01832 0.01832
753 0.01832 0.05832
754 0.01832 0.01832
755 0.01832 0.01832
756 0.01832 0.05832
757 0.01832 0.01832
758 0.01832 0.01832
759 0.01832 0.01832
760 0.01832 0.01832
761 0.01832 0.05832
762 0.01832 0.01832
763 0.01832 0.01832
764 0.01832 0.05832
765 0.01832 0.01832
766 0.01832 0.01832
767 0.01832 0.05832
768 0.01832 0.01832
769 0.01832 0.01832
770 0.01832 0.05832
771 0.01832 0.01832
772 0.01832 0.01832
773 0.01832 0.05832
774 0.01832 0.01832
775 0.01832 0.01832
776 0.01832 0.05832
777 0.01832 0.01832
778 0.01832 0.01832
779 0.01832 0.05832
780 0.01832 0.01832
781 0.01832 0.01832
782 0.01832 0.05832
783 0.01832 0.01832
784 0.01832 0.01832
785 0.01832 0.05832
786 0.01832 0.01832
787 0.01832 0.01832
788 0.01832 0.05832
789 0.01832 0.01832
790 0.01832 0.01832
791 0.01832 0.05832
792 0.01832 0.01832
793 0.01832 0.01832
794 0.01832 0.05832
795 0.01832 0.01832
796 0.01832 0.01832
797 0.01832 0.05832
798 0.01832 0.01832
799 0.01832 0.01832
800 0.01832 0.05832
801 0.01832 0.01832
802 0.01832 0.01832
803 0.01832 0.05832
804 0.01832 0.01832
805 0.01832 0.01832
806 0.01832 0.05832
807 0.01832 0.01832
808 0.01832 0.01832
809 0.01832 0.05832
810 0.01832 0.01832
811 0.01832 0.01832
812 0.01832 0.05832
813 0.01832 0.01832
814 0.01832 0.01832
815 0.01832 0.05832
816 0.01832 0.01832
817 0.01832 0.01832
818 0.01832 0.05832
819 0.01832 0.01832
820 0.01832 0.01832
821 0.01832 0.05832
822 0.01832 0.01832
823 0.01832 0.01832
824 0.01832 0.05832
825 0.01832 0.01832
826 0.01832 0.01832
827 0.01832 0.05832
828 0.01832 0.01832
829 0.01832 0.01832
830 0.01832 0.05832
831 0.01832 0.01832
832 0.01832 0.01832
833 0.01832 0.05832
834 0.01832 0.01832
835 0.01832 0.01832
836 0.01832 0.05832
837 0.01832 0.01832
838 0.01832 0.01832
839 0.01832 0.05832
840 0.01832 0.01832
841 0.01832 0.01832
842 0.01832 0.05832
843 0.01832 0.01832
844 0.01832 0.01832
845 0.01832 0.05832
846 0.01832 0.01832
847 0.01832 0.01832
848 0.01832 0.05832
849 0.01832 0.01832
850 0.01832 0.01832
851 0.01832 0.05832
852 0.01832 0.01832
853 0.01832 0.01832
854 0.01832 0.05832
855 0.01832 0.01832
856 0.01832 0.01832
857 0.01832 0.05832
858 0.01832 0.01832
859 0.01832 0.01832
860 0.01832 0.05832
861 0.01832 0.01832
862 0.01832 0.01832
863 0.01832 0.05832
864 0.01832 0.01832
865 0.01832 0.01832
866 0.01832 0.05832
867 0.01832 0.01832
868 0.01832 0.01832
869 0.01832 0.05832
870 0.01832 0.01832
871 0.01832 0.01832
872 0.01832 0.05832
873 0.01832 0.01832
874 0.01832 0.01832
875 0.01832 0.05832
876 0.01832 0.01832
877 0.01832 0.01832
878 0.01832 0.05832
879 0.01832 0.01832
880 0.01832 0.01832
881 0.01832 0.05832
882 0.01832 0.01832
883 0.01832 0.01832
884 0.01832 0.05832
885 0.01832 0.01832
886 0.01832 0.01832
887 0.01832 0.05832
888 0.01832 0.01832
889 0.01832 0.01832
890 0.01832 0.05832
891 0.01832 0.01832
892 0.01832 0.01832
893 0.01832 0.05832
894 0.01832 0.01832
895 0.01832 0.01832
896 0.01832 0.05832
897 0.01832 0.01832
898 0.01832 0.01832
899 0.01832 0.05832
900 0.01832 0.01832
901 0.01832 0.01832
902 0.01832 0.05832
903 0.01832 0.01832
904 0.01832 0.01832
905 0.01832 0.05832
906 0.01832 0.01832
907 0.01832 0.01832
908 0.01832 0.05832
909 0.01832 0.01832
910 0.01832 0.01832
911 0.01832 0.05832
912 0.01832 0.01832
913 0.01832 0.01832
914 0.01832 0.05832
915 0.01832 0.01832
916 0.01832 0.01832
917 0.01832 0.05832
918 0.01832 0.01832
919 0.01832 0.01832
920 0.01832 0.05832
921 0.01832 0.01832
922 0.01832 0.01832
923 0.01832 0.05832
924 0.01832 0.01832
925 0.01832 0.01832
926 0.01832 0.05832
927 0.01832 0.01832
928 0.01832 0.01832
929 0.01832 0.05832
930 0.01832 0.01832
931 0.01832 0.01832
932 0.01832 0.05832
933 0.01832 0.01832
934 0.01832 0.01832
935 0.01832 0.05832
936 0.01832 0.01832
937 0.01832 0.01832
938 0.01832 0.05832
939 0.01832 0.01832
940 0.01832 0.01832
941 0.01832 0.05832
942 0.01832 0.01832
943 0.01832 0.01832
944 0.01832 0.05832
945 0.01832 0.01832
946 0.01832 0.01832
947 0.01832 0.05832
948 0.01832 0.01832
949 0.01832 0.01832
950 0.01832 0.05832
951 0.01832 0.01832
952 0.01832 0.01832
953 0.01832 0.05832
954 0.01832 0.01832
955 0.01832 0.01832
956 0.01832 0.05832
957 0.01832 0.01832
958 0.01832 0.01832
959 0.01832 0.05832
960 0.01832 0.01832
961 0.01832 0.01832
962 0.01832 0.05832
963 0.01832 0.01832
964 0.01832 0.01832
965 0.01832 0.05832
966 0.01832 0.01832
967 0.01832 0.01832
968 0.01832 0.05832
969 0.01832 0.01832
970 0.01832 0.01832
971 0.01832 0.05832
972 0.01832 0.01832
973 0.01832 0.01832
974 0.01832 0.05832
975 0.01832 0.01832
976 0.01832 0.01832
977 0.01832 0.05832
978 0.01832 0.01832
979 0.01832 0.01832
980 0.01832 0.05832
981 0.01832 0.01832
982 0.01832 0.01832
983 0.01832 0.05832
984 0.01832 0.01832
985 0.01832 0.01832
986 0.01832 0.05832
987 0.01832 0.01832
988 0.01832 0.01832
989 0.01832 0.05832
990 0.01832 0.01832
991 0.01832 0.01832
992 0.01832 0.05832
993 0.01832 0.01832
994 0.01832 0.01832
995 0.01832 0.05832
996 0.01832 0.01832
997 0.01832 0.01832
998 0.01832 0.05832
999 0.01832 0.01832
1000 0.01832 0.01832
1001 0.01832 0.05832
1002 0.01832 0.01832
1003 0.01832 0.01832
1004 0.01832 0.05832
1005 0.01832 0.01832
1006 0.01832 0.01832
1007 0.01832 0.05832
1008 0.01832 0.01832
1009 0.01832 0.01832
1010 0.01832 0.05832
1011 0.01832 0.01832
1012 0.01832 0.01832
1013 0.01832 0.05832
1014 0.01832 0.01832
1015 0.01832 0.01832
1016 0.01832 0.05832
1017 0.01832 0.01832
1018 0.01832 0.01832
1019 0.01832 0.05832
1020 0.01832 0.01832
1021 0.01832 0.01832
1022 0.01832 0.05832
1023 0.01832 0.01832
1024 0.01832 0.01832
1025 0.01832 0.05832
1026 0.01832 0.01832
1027 0.01832 0.01832
1028 0.01832 0.05832
1029 0.01832 0.01832
1030 0.01832 0.01832
1031 0.01832 0.05832
1032 0.01832 0.01832
1033 0.01832 0.01832
1034 0.01832 0.05832
1035 0.01832 0.01832
1036 0.01832 0.01832
1037 0.01832 0.05832
1038 0.01832 0.01832
1039 0.01832 0.01832
1040 0.01832 0.05832
1041 0.01832 0.01832
1042 0.01832 0.01832
1043 0.01832 0.05832
1044 0.01832 0.01832
1045 0.01832 0.01832
1046 0.01832 0.05832
1047 0.01832 0.01832
1048 0.01832 0.01832
1049 0.01832 0.05832
1050 0.01832 0.01832
1051 0.01832 0.01832
1052 0.01832 0.05832
1053 0.01832 0.01832
1054 0.01832 0.01832
1055 0.01832 0.05832
1056 0.01832 0.01832
1057 0.01832 0.01832
1058 0.01832 0.05832
1059 0.01832 0.01832
1060 0.01832 0.01832
1061 0.01832 0.05832
1062 0.01832 0.01832
1063 0.01832 0.01832
1064 0.01832 0.05832
1065 0.01832 0.01832
1066 0.01832 0.01832
1067 0.01832 0.05832
1068 0.01832 0.01832
1069 0.01832 0.01832
1070 0.01832 0.05832
1071 0.01832 0.01832
1072 0.01832 0.01832
1073 0.01832 0.05832
1074 0.01832 0.01832
1075 0.01832 0.01832
1076 0.01832 0.05832
1077 0.01832 0.01832
1078 0.01832 0.01832
1079 0.01832 0.05832
1080 0 0.01832
1081 0 0.01832
1082 0 0.05832
1083 0 0.01832
1084 0 0.01832
1085 0 0.05832
1086 0 0.01832
1087 0 0.01832
1088 0 0.05832
1089 0 0.01832
1090 0 0.01832
1091 0 0.05832
1092 0 0.01832
1093 0 0.01832
1094 0 0.05832
1095 0 0.01832
1096 0 0.01832
1097 0 0.05832
1098 0 0.01832
1099 0 0.01832
1100 0 0.05832
1101 0 0.01832
1102 0 0.01832
1103 0 0.05832
1104 0 0.01832
1105 0 0.01832
1106 0 0.05832
1107 0 0.01832
1108 0 0.01832
1109 0 0.05832
1110 0 0.01832
1111 0 0.01832
1112 0 0.05832
1113 0 0.01832
1114 0 0.01832
1115 0 0.05832
1116 0 0.01832
1117 0 0.01832
1118 0 0.05832
1119 0 0.01832
1120 0 0.01832
1121 0 0.05832
1122 0 0.01832
1123 0 0.01832
1124 0 0.05832
1125 0 0.01832
1126 0 0.01832
1127 0 0.05832
1128 0 0.01832
1129 0 0.01832
1130 0 0.05832
1131 0 0.01832
1132 0 0.01832
1133 0 0.05832
1134 0 0.01832
1135 0 0.01832
1136 0 0.05832
1137 0 0.01832
1138 0 0.01832
1139 0 0.05832
1140 0 0.01832
1141 0 0.01832
1142 0 0.05832
1143 0 0.01832
1144 0 0.01832
1145 0 0.05832
1146 0 0.01832
1147 0 0.01832
1148 0 0.05832
1149 0 0.01832
1150 0 0.01832
1151 0 0.05832
1152 0 0.01832
1153 0 0.01832
1154 0 0.05832
1155 0 0.01832
1156 0 0.01832
1157 0 0.05832
1158 0 0.01832
1159 0 0.01832
1160 0 0.05832
1161 0 0.01832
1162 0 0.01832
1163 0 0.05832
1164 0 0.01832
1165 0 0.01832
1166 0 0.05832
1167 0 0.01832
1168 0 0.01832
1169 0 0.05832
1170 0 0.01832
1171 0 0.01832
1172 0 0.05832
1173 0 0.01832
1174 0 0.01832
1175 0 0.05832
1176 0 0.01832
1177 0 0.01832
1178 0 0.05832
1179 0 0.01832
1180 0 0.01832
1181 0 0.05832
1182 0 0.01832
1183 0 0.01832
1184 0 0.05832
1185 0 0.01832
1186 0 0.01832
1187 0 0.05832
1188 0 0.01832
1189 0 0.01832
1190 0 0.05832
1191 0 0.01832
1192 0 0.01832
1193 0 0.05832
1194 0 0.01832
1195 0 0.01832
1196 0 0.05832
1197 0 0.01832
1198 0 0.01832
1199 0 0.05832
1200 0 0.01832
1201 0 0.01832
1202 0 0.05832
