Time(s) RTT_Flux1 RTT_Flux2
4.39704 0.10648 NaN
3.11864 0.10648 NaN
0.19912 0.042 NaN
4.13176 0.0556 NaN
2.56216 0.08056 NaN
0.96456 0.10856 NaN
4.80472 0.10648 NaN
1.5636 0.10856 NaN
3.4348 0.10648 NaN
2.71096 0.08152 NaN
0.78152 0.10856 NaN
4.7548 0.09816 NaN
4.25656 0.08056 NaN
0.9812 0.10856 NaN
4.07352 0.0556 NaN
2.5372 0.08056 NaN
2.94392 0.10648 NaN
2.39576 0.0556 NaN
1.22248 0.10856 NaN
4.37208 0.08984 NaN
1.34728 0.10856 NaN
1.6052 0.10856 NaN
1.33064 0.10856 NaN
4.9628 0.10648 NaN
4.66328 0.10648 NaN
1.63848 0.10856 NaN
0.17416 0.042 NaN
4.48024 0.10648 NaN
2.454 0.0556 NaN
1.45544 0.10856 NaN
4.78808 0.10648 NaN
3.20184 0.10648 NaN
0.46536 0.07528 NaN
4.30552 0.0732 NaN
0.28232 0.042 NaN
3.50968 0.10648 NaN
2.22296 0.03896 NaN
4.2972 0.0732 NaN
3.32664 0.10648 NaN
0.7316 0.10856 NaN
4.89624 0.10648 NaN
4.49688 0.09816 NaN
0.69832 0.10856 NaN
4.2316 0.08056 NaN
0.14184 0.03896 NaN
4.838 0.10648 NaN
0.29896 0.042 NaN
0.898 0.10856 NaN
0.274 0.042 NaN
1.43048 0.10856 NaN
1.72168 0.10856 NaN
3.30168 0.10648 NaN
4.87128 0.10648 NaN
4.40536 0.10648 NaN
1.84648 0.10856 NaN
1.66344 0.10856 NaN
4.99608 0.10648 NaN
0.67336 0.10856 NaN
0.20744 0.042 NaN
0.9396 0.10856 NaN
4.51352 0.08984 NaN
0.49032 0.07528 NaN
3.53464 0.10648 NaN
0.79816 0.10856 NaN
4.63832 0.10648 NaN
4.92952 0.10648 NaN
2.66936 0.0732 NaN
2.65272 0.0732 NaN
4.19832 0.08056 NaN
2.77752 0.10648 NaN
1.05608 0.10856 NaN
0.0596 0.03896 NaN
2.52888 0.08056 NaN
3.94136 0.03896 NaN
1.7716 0.10856 NaN
1.16424 0.10856 NaN
3.21848 0.10648 NaN
1.28904 0.10856 NaN
3.03544 0.10648 NaN
4.90456 0.10648 NaN
0.88136 0.10856 NaN
4.72152 0.09816 NaN
4.17336 0.07224 NaN
0.70664 0.10856 NaN
2.75256 0.10648 NaN
1.8132 0.10856 NaN
2.42904 0.0556 NaN
2.86072 0.08984 NaN
3.1852 0.10648 NaN
2.98552 0.10648 NaN
2.8108 0.10648 NaN
2.28024 0.03896 NaN
1.26408 0.10856 NaN
3.01048 0.10648 NaN
4.58008 0.09816 NaN
1.55528 0.10856 NaN
3.13528 0.10648 NaN
1.37224 0.10856 NaN
0.38216 0.07528 NaN
3.42648 0.10648 NaN
1.49704 0.10856 NaN
2.29688 0.03896 NaN
0.06792 0.03896 NaN
3.24344 0.10648 NaN
4.34712 0.0732 NaN
1.78824 0.10856 NaN
3.3932 0.10648 NaN
1.09768 0.10856 NaN
2.40408 0.0556 NaN
3.36824 0.10648 NaN
1.38888 0.10856 NaN
1.522 0.10856 NaN
2.51224 0.06392 NaN
0.91464 0.10856 NaN
1.0644 0.10856 NaN
4.20664 0.08056 NaN
0.1908 0.042 NaN
2.34584 0.04728 NaN
4.32216 0.0732 NaN
1.76328 0.10856 NaN
4.4636 0.10648 NaN
1.58024 0.10856 NaN
0.30728 0.042 NaN
4.61336 0.10648 NaN
0.59016 0.10856 NaN
4.43032 0.10648 NaN
1.88808 0.10856 NaN
1.87144 0.10856 NaN
1.40552 0.10856 NaN
1.18088 0.10856 NaN
4.73816 0.09816 NaN
0.41544 0.07528 NaN
3.45144 0.10648 NaN
4.55512 0.08984 NaN
3.74264 0.1148 NaN
2.61208 0.08056 NaN
0.2324 0.042 NaN
4.84632 0.10648 NaN
1.59688 0.10856 NaN
3.518 0.10648 NaN
4.44696 0.10648 NaN
2.87736 0.08984 NaN
2.69432 0.0732 NaN
4.38872 0.10648 NaN
0.3988 0.07528 NaN
2.44568 0.0556 NaN
4.67992 0.10648 NaN
1.08104 0.10856 NaN
2.55384 0.08056 NaN
2.7692 0.10648 NaN
3.07704 0.10648 NaN
0.51528 0.09192 NaN
4.82136 0.10648 NaN
2.08776 0.11688 NaN
0.33224 0.05032 NaN
1.61352 0.10856 NaN
0.80648 0.10856 NaN
4.94616 0.10648 NaN
4.09016 0.0556 NaN
0.62344 0.10856 NaN
1.90472 0.10856 NaN
0.74824 0.10856 NaN
2.96056 0.10648 NaN
0.34888 0.06696 NaN
4.65496 0.10648 NaN
2.9772 0.10648 NaN
4.47192 0.10648 NaN
4.77976 0.09816 NaN
4.59672 0.10648 NaN
5.02104 0.10648 NaN
0.6484 0.10856 NaN
4.88792 0.10648 NaN
1.00616 0.10856 NaN
1.47208 0.10856 NaN
3.05208 0.10648 NaN
1.2724 0.10856 NaN
3.1436 0.10648 NaN
3.34328 0.10648 NaN
1.11432 0.10856 NaN
3.16024 0.10648 NaN
4.1484 0.0556 NaN
2.894 0.08984 NaN
3.46808 0.10648 NaN
1.23912 0.10856 NaN
0.24904 0.042 NaN
3.28504 0.10648 NaN
4.01528 0.0556 NaN
1.82152 0.10856 NaN
3.57624 0.27288 NaN
0.83144 0.10856 NaN
3.17688 0.10648 NaN
4.12344 0.0556 NaN
0.95624 0.10856 NaN
1.4804 0.10856 NaN
2.70264 0.08152 NaN
4.6716 0.10648 NaN
4.24824 0.08056 NaN
4.86296 0.10648 NaN
1.106 0.10856 NaN
1.0228 0.10856 NaN
0.4404 0.07528 NaN
2.38744 0.0556 NaN
0.78984 0.10856 NaN
1.68008 0.10856 NaN
0.1252 0.03896 NaN
1.21416 0.10856 NaN
0.22408 0.042 NaN
1.03112 0.10856 NaN
4.53016 0.08984 NaN
1.50536 0.10856 NaN
3.55128 0.10648 NaN
1.32232 0.10856 NaN
4.7132 0.09816 NaN
1.44712 0.10856 NaN
0.45704 0.07528 NaN
4.76312 0.09816 NaN
1.73832 0.10856 NaN
1.04776 0.10856 NaN
3.31832 0.10648 NaN
4.36376 0.08152 NaN
2.79416 0.10648 NaN
1.6884 0.10856 NaN
1.33896 0.10856 NaN
3.5596 0.10648 NaN
4.8796 0.10648 NaN
3.38488 0.10648 NaN
1.15592 0.10856 NaN
2.36248 0.0556 NaN
0.13352 0.03896 NaN
4.9212 0.10648 NaN
2.47064 0.0556 NaN
4.19 0.08056 NaN
2.59544 0.08056 NaN
0.43208 0.07528 NaN
1.71336 0.10856 NaN
0.72328 0.10856 NaN
1.53032 0.10856 NaN
0.54024 0.10856 NaN
1.83816 0.10856 NaN
4.422 0.10648 NaN
0.84808 0.10856 NaN
1.65512 0.10856 NaN
1.13096 0.10856 NaN
0.482 0.07528 NaN
3.40152 0.10648 NaN
0.8564 0.10856 NaN
0.66504 0.10856 NaN
2.7276 0.09816 NaN
4.97112 0.10648 NaN
4.28056 0.0732 NaN
2.71928 0.08984 NaN
3.3516 0.10648 NaN
0.26568 0.042 NaN
4.57176 0.09816 NaN
3.958 0.03896 NaN
1.54696 0.10856 NaN
0.55688 0.10856 NaN
1.36392 0.10856 NaN
4.69656 0.10648 NaN
2.82744 0.10648 NaN
0.37384 0.07528 NaN
1.48872 0.10856 NaN
4.98776 0.10648 NaN
0.49864 0.07528 NaN
1.77992 0.10856 NaN
3.26008 0.10648 NaN
3.93304 0.03896 NaN
2.50392 0.0556 NaN
0.64008 0.10856 NaN
0.6068 0.10856 NaN
1.92136 0.27496 NaN
3.02712 0.10648 NaN
0.93128 0.10856 NaN
3.49304 0.10648 NaN
1.2308 0.10856 NaN
4.22328 0.08056 NaN
3.09368 0.10648 NaN
3.94968 0.03896 NaN
4.1068 0.0556 NaN
4.04024 0.0556 NaN
2.80248 0.10648 NaN
0.87304 0.10856 NaN
4.16504 0.06392 NaN
2.92728 0.09816 NaN
0.47368 0.07528 NaN
4.31384 0.0732 NaN
2.91064 0.09816 NaN
1.75496 0.10856 NaN
0.76488 0.10856 NaN
1.57192 0.10856 NaN
0.58184 0.10856 NaN
4.05688 0.0556 NaN
2.48728 0.0556 NaN
0.88968 0.10856 NaN
4.72984 0.09816 NaN
0.99784 0.10856 NaN
1.8964 0.10856 NaN
1.42216 0.10856 NaN
2.4124 0.0556 NaN
3.00216 0.10648 NaN
3.99032 0.03896 NaN
3.11032 0.10648 NaN
1.4388 0.10856 NaN
3.88408 0.03896 NaN
3.41816 0.10648 NaN
4.14008 0.0556 NaN
2.28856 0.03896 NaN
3.23512 0.10648 NaN
2.5788 0.08056 NaN
1.25576 0.10856 NaN
1.08936 0.10856 NaN
3.52632 0.10648 NaN
1.07272 0.10856 NaN
3.12696 0.10648 NaN
1.19752 0.10856 NaN
0.90632 0.10856 NaN
0.01032 0.03096 NaN
2.57048 0.08056 NaN
3.06872 0.10648 NaN
0.97288 0.10856 NaN
0.50696 0.0836 NaN
1.6468 0.10856 NaN
4.26488 0.08056 NaN
3.35992 0.10648 NaN
2.9356 0.10648 NaN
4.08184 0.0556 NaN
2.33752 0.03896 NaN
0.73992 0.10856 NaN
1.63016 0.10856 NaN
3.50136 0.10648 NaN
4.3804 0.09816 NaN
4.60504 0.10648 NaN
1.86312 0.10856 NaN
1.17256 0.10856 NaN
5.01272 0.10648 NaN
2.3708 0.0556 NaN
2.63608 0.0732 NaN
0.40712 0.07528 NaN
0.18248 0.042 NaN
1.46376 0.10856 NaN
1.28072 0.10856 NaN
2.74424 0.10648 NaN
0.29064 0.042 NaN
1.1892 0.10856 NaN
1.58856 0.10856 NaN
3.33496 0.10648 NaN
0.59848 0.10856 NaN
0.8148 0.10856 NaN
4.43864 0.10648 NaN
2.86904 0.08984 NaN
3.15192 0.10648 NaN
1.87976 0.10856 NaN
1.69672 0.10856 NaN
3.45976 0.10648 NaN
3.27672 0.10648 NaN
4.00696 0.0556 NaN
2.60376 0.08056 NaN
3.56792 0.10648 NaN
2.42072 0.0556 NaN
2.54552 0.08056 NaN
4.5884 0.10648 NaN
4.23992 0.08056 NaN
3.102 0.10648 NaN
4.81304 0.10648 NaN
4.41368 0.10648 NaN
4.63 0.10648 NaN
2.84408 0.09816 NaN
0.61512 0.10856 NaN
0.3572 0.07528 NaN
0.39048 0.07528 NaN
2.66104 0.0732 NaN
1.67176 0.10856 NaN
1.20584 0.10856 NaN
0.69 0.10856 NaN
0.68168 0.10856 NaN
0.21576 0.042 NaN
4.52184 0.08984 NaN
2.95224 0.10648 NaN
1.79656 0.10856 NaN
4.82968 0.10648 NaN
3.54296 0.10648 NaN
4.64664 0.10648 NaN
0.32392 0.042 NaN
4.09848 0.0556 NaN
4.93784 0.10648 NaN
2.52056 0.07224 NaN
0.44872 0.07528 NaN
2.67768 0.0732 NaN
4.3388 0.0732 NaN
2.96888 0.10648 NaN
0.5652 0.10856 NaN
2.78584 0.10648 NaN
3.21016 0.10648 NaN
3.0604 0.10648 NaN
2.23128 0.03896 NaN
4.0652 0.0556 NaN
1.8548 0.10856 NaN
5.02936 0.10648 NaN
3.44312 0.10648 NaN
1.29736 0.10856 NaN
3.04376 0.10648 NaN
0.82312 0.10856 NaN
3.16856 0.10648 NaN
4.91288 0.10648 NaN
4.11512 0.0556 NaN
5.0044 0.10648 NaN
0.42376 0.07528 NaN
4.18168 0.08056 NaN
0.71496 0.10856 NaN
4.85464 0.10648 NaN
2.76088 0.10648 NaN
0.53192 0.10856 NaN
1.82984 0.10856 NaN
2.43736 0.0556 NaN
0.83976 0.10856 NaN
0.65672 0.10856 NaN
0.94792 0.10856 NaN
2.37912 0.0556 NaN
1.3972 0.10856 NaN
3.2684 0.10648 NaN
2.99384 0.10648 NaN
1.314 0.10856 NaN
1.38056 0.10856 NaN
1.03944 0.10856 NaN
4.53848 0.08984 NaN
2.3052 0.03896 NaN
3.25176 0.10648 NaN
4.35544 0.08152 NaN
3.4764 0.10648 NaN
4.7964 0.10648 NaN
3.37656 0.10648 NaN
3.19352 0.10648 NaN
0.92296 0.10856 NaN
2.35416 0.0556 NaN
3.48472 0.10648 NaN
1.1476 0.10856 NaN
3.0188 0.10648 NaN
4.21496 0.08056 NaN
4.03192 0.0556 NaN
2.46232 0.0556 NaN
4.15672 0.0556 NaN
2.58712 0.08056 NaN
1.70504 0.10856 NaN
4.33048 0.0732 NaN
2.47896 0.0556 NaN
1.30568 0.10856 NaN
4.5468 0.08984 NaN
1.12264 0.10856 NaN
4.62168 0.10648 NaN
4.45528 0.10648 NaN
0.7732 0.10856 NaN
2.6444 0.0732 NaN
1.41384 0.10856 NaN
4.74648 0.09816 NaN
0.25736 0.042 NaN
4.56344 0.09816 NaN
0.24072 0.042 NaN
1.53864 0.10856 NaN
0.3156 0.042 NaN
0.54856 0.10856 NaN
4.68824 0.10648 NaN
2.81912 0.10648 NaN
0.36552 0.07528 NaN
3.87576 0.03896 NaN
3.40984 0.10648 NaN
4.97944 0.10648 NaN
4.28888 0.0732 NaN
2.88568 0.08984 NaN
0.11688 0.03896 NaN
0.5236 0.10024 NaN
1.91304 0.10856 NaN
1.51368 0.10856 NaN
3.08536 0.10648 NaN
4.0236 0.0556 NaN
1.80488 0.10856 NaN
3.31 0.10648 NaN
0.34056 0.05864 NaN
1.62184 0.10856 NaN
4.95448 0.10648 NaN
0.63176 0.10856 NaN
4.77144 0.09816 NaN
2.90232 0.08984 NaN
1.74664 0.10856 NaN
0.75656 0.10856 NaN
0.57352 0.10856 NaN
4.04856 0.0556 NaN
0.86472 0.10856 NaN
2.62776 0.0732 NaN
2.686 0.0732 NaN
2.91896 0.09816 NaN
0.98952 0.10856 NaN
2.73592 0.10648 NaN
1.01448 0.10856 NaN
1.3556 0.10856 NaN
3.2268 0.10648 NaN
1.13928 0.10856 NaN
2.4956 0.0556 NaN
3.99864 0.04728 NaN
1.24744 0.10856 NaN
1.73 0.10856 NaN
3.29336 0.10648 NaN
4.408 NaN 0.12928
9.25696 NaN 0.12928
5.89552 NaN 0.12928
9.07392 NaN 0.12928
9.19872 NaN 0.12928
9.48992 NaN 0.12928
6.56752 NaN 0.12928
8.6584 NaN 0.12928
8.46752 NaN 0.12928
9.3984 NaN 0.12928
8.28496 NaN 0.12928
9.63136 NaN 0.12928
9.75616 NaN 0.12928
7.95312 NaN 0.12928
0.02096 NaN 0.12128
8.76608 NaN 0.12928
7.4304 NaN 0.12928
9.86432 NaN 0.12928
7.77056 NaN 0.12928
8.87424 NaN 0.12928
8.62512 NaN 0.12928
9.46496 NaN 0.12928
9.28192 NaN 0.12928
8.99904 NaN 0.12928
8.69168 NaN 0.12928
9.58976 NaN 0.12928
8.44256 NaN 0.12928
8.11904 NaN 0.12928
8.816 NaN 0.12928
9.69792 NaN 0.12928
9.1488 NaN 0.12928
7.9032 NaN 0.12928
2.78016 NaN 0.12928
8.5008 NaN 0.12928
7.42208 NaN 0.12928
8.97408 NaN 0.12928
5.90384 NaN 0.12928
8.7744 NaN 0.12928
8.3432 NaN 0.12928
7.88656 NaN 0.12928
9.67296 NaN 0.12928
7.80384 NaN 0.12928
8.90752 NaN 0.12928
0.57824 NaN 0.12928
8.7 NaN 0.12928
7.99472 NaN 0.12928
0.17888 NaN 0.12928
7.0736 NaN 0.12928
6.244 NaN 0.12928
9.34016 NaN 0.12928
8.66672 NaN 0.12928
7.23952 NaN 0.12928
7.05696 NaN 0.12928
9.57312 NaN 0.12928
6.72512 NaN 0.12928
9.17376 NaN 0.12928
2.81344 NaN 0.12928
7.1152 NaN 0.12928
5.74624 NaN 0.12928
9.29856 NaN 0.12928
7.64624 NaN 0.12928
5.56368 NaN 0.12928
8.89088 NaN 0.12928
7.91984 NaN 0.12928
7.46368 NaN 0.12928
8.31824 NaN 0.12928
8.38432 NaN 0.12928
3.01312 NaN 0.12928
8.13568 NaN 0.12928
2.20064 NaN 0.12928
8.6168 NaN 0.12928
8.60016 NaN 0.12928
6.89104 NaN 0.12928
7.08192 NaN 0.12928
9.78112 NaN 0.12928
9.3568 NaN 0.12928
7.62128 NaN 0.12928
8.79104 NaN 0.12928
9.38176 NaN 0.12928
8.4592 NaN 0.12928
9.79776 NaN 0.12928
6.9576 NaN 0.12928
8.55856 NaN 0.12928
6.76672 NaN 0.12928
6.07808 NaN 0.12928
6.06144 NaN 0.12928
7.57968 NaN 0.12928
2.3808 NaN 0.12928
8.9824 NaN 0.12928
7.2312 NaN 0.12928
2.97984 NaN 0.12928
9.44 NaN 0.12928
7.43872 NaN 0.12928
9.70624 NaN 0.12928
4.21664 NaN 0.12928
8.71616 NaN 0.12928
6.92432 NaN 0.12928
0.37024 NaN 0.12928
9.30688 NaN 0.12928
9.6064 NaN 0.12928
7.72064 NaN 0.12928
8.82432 NaN 0.12928
5.7296 NaN 0.12928
6.74176 NaN 0.12928
9.88096 NaN 0.11896
6.41824 NaN 0.12928
8.94912 NaN 0.12928
8.64176 NaN 0.12928
9.53984 NaN 0.12928
8.7328 NaN 0.12928
0.38688 NaN 0.12928
8.3016 NaN 0.12928
6.23568 NaN 0.12928
8.58352 NaN 0.12928
9.20704 NaN 0.12928
8.07744 NaN 0.12928
9.648 NaN 0.12928
7.09856 NaN 0.12928
9.024 NaN 0.12928
9.09056 NaN 0.12928
3.84512 NaN 0.12928
2.7968 NaN 0.12928
7.82048 NaN 0.12928
8.92416 NaN 0.12928
7.56304 NaN 0.12928
6.58416 NaN 0.12928
0.40352 NaN 0.12928
8.48416 NaN 0.12928
2.56384 NaN 0.12928
8.23504 NaN 0.12928
9.5648 NaN 0.12928
7.25616 NaN 0.12928
8.75776 NaN 0.12928
0.59488 NaN 0.12928
8.05248 NaN 0.12928
6.26064 NaN 0.12928
8.86592 NaN 0.12928
8.16064 NaN 0.12928
9.41504 NaN 0.12928
9.01568 NaN 0.12928
9.7728 NaN 0.12928
7.73728 NaN 0.12928
9.12384 NaN 0.12928
4.63264 NaN 0.12928
9.24864 NaN 0.12928
3.6704 NaN 0.12928
0.61152 NaN 0.12928
8.40928 NaN 0.12928
8.4176 NaN 0.12928
8.84096 NaN 0.12928
7.41376 NaN 0.12928
8.51744 NaN 0.12928
6.43488 NaN 0.12928
9.8144 NaN 0.12928
8.5752 NaN 0.12928
8.33488 NaN 0.12928
0.1872 NaN 0.12928
9.80608 NaN 0.12928
8.27664 NaN 0.12928
5.92048 NaN 0.12928
9.62304 NaN 0.12928
8.9408 NaN 0.12928
7.588 NaN 0.12928
9.22368 NaN 0.12928
8.74112 NaN 0.12928
9.51488 NaN 0.12928
9.33184 NaN 0.12928
7.76224 NaN 0.12928
9.63968 NaN 0.12928
6.78336 NaN 0.12928
9.45664 NaN 0.12928
9.74784 NaN 0.12928
8.68336 NaN 0.12928
8.43424 NaN 0.12928
6.916 NaN 0.12928
7.77888 NaN 0.12928
5.73792 NaN 0.12928
8.17728 NaN 0.12928
7.63792 NaN 0.12928
7.8288 NaN 0.12928
4.23328 NaN 0.12928
7.9864 NaN 0.12928
8.30992 NaN 0.12928
8.1024 NaN 0.12928
4.46624 NaN 0.12928
7.93648 NaN 0.12928
9.1072 NaN 0.12928
9.72288 NaN 0.12928
6.94096 NaN 0.12928
9.84768 NaN 0.12928
8.96576 NaN 0.12928
7.28112 NaN 0.12928
7.61296 NaN 0.12928
8.78272 NaN 0.12928
8.09408 NaN 0.12928
4.0336 NaN 0.12928
7.10688 NaN 0.12928
5.39776 NaN 0.12928
6.7584 NaN 0.12928
7.29776 NaN 0.12928
9.05728 NaN 0.12928
9.04064 NaN 0.12928
9.34848 NaN 0.12928
9.16544 NaN 0.12928
2.58048 NaN 0.12928
8.8992 NaN 0.12928
7.96144 NaN 0.12928
8.0608 NaN 0.12928
7.45536 NaN 0.12928
9.0656 NaN 0.12928
8.25168 NaN 0.12928
8.99072 NaN 0.12928
8.12736 NaN 0.12928
8.11072 NaN 0.12928
6.40992 NaN 0.12928
7.13184 NaN 0.12928
9.83104 NaN 0.12928
9.14048 NaN 0.12928
7.472 NaN 0.12928
9.43168 NaN 0.12928
8.2184 NaN 0.12928
9.2736 NaN 0.12928
9.55648 NaN 0.12928
4.4496 NaN 0.12928
9.37344 NaN 0.12928
6.6008 NaN 0.12928
2.5472 NaN 0.12928
9.66464 NaN 0.12928
8.60848 NaN 0.12928
6.89936 NaN 0.12928
9.78944 NaN 0.12928
8.79936 NaN 0.12928
6.4432 NaN 0.12928
7.48032 NaN 0.12928
7.55472 NaN 0.12928
9.3152 NaN 0.12928
6.57584 NaN 0.12928
8.47584 NaN 0.12928
8.22672 NaN 0.12928
6.06976 NaN 0.12928
7.97808 NaN 0.12928
9.76448 NaN 0.12928
9.58144 NaN 0.12928
7.9448 NaN 0.12928
6.73344 NaN 0.12928
9.87264 NaN 0.11896
9.40672 NaN 0.12928
8.88256 NaN 0.12928
8.63344 NaN 0.12928
9.6896 NaN 0.12928
7.65456 NaN 0.12928
6.22736 NaN 0.12928
7.72896 NaN 0.12928
7.7872 NaN 0.12928
7.39712 NaN 0.12928
8.45088 NaN 0.12928
5.23184 NaN 0.12928
8.06912 NaN 0.12928
6.0864 NaN 0.12928
9.26528 NaN 0.12928
9.08224 NaN 0.12928
6.09472 NaN 0.12928
9.49824 NaN 0.12928
4.01696 NaN 0.12928
6.90768 NaN 0.12928
9.856 NaN 0.12928
9.09888 NaN 0.12928
7.30608 NaN 0.12928
8.80768 NaN 0.12928
8.26 NaN 0.12928
9.61472 NaN 0.12928
5.58032 NaN 0.12928
8.8576 NaN 0.12928
0.3536 NaN 0.12928
9.232 NaN 0.12928
6.5592 NaN 0.12928
6.39328 NaN 0.12928
7.89488 NaN 0.12928
9.4816 NaN 0.12928
8.91584 NaN 0.12928
8.29328 NaN 0.12928
6.25232 NaN 0.12928
7.75392 NaN 0.12928
2.7552 NaN 0.12928
8.15232 NaN 0.12928
8.144 NaN 0.12928
7.24784 NaN 0.12928
0.5616 NaN 0.12928
9.00736 NaN 0.12928
9.47328 NaN 0.12928
6.26896 NaN 0.12928
9.29024 NaN 0.12928
9.5232 NaN 0.12928
9.59808 NaN 0.12928
8.16896 NaN 0.12928
9.11552 NaN 0.12928
9.88928 NaN 0.10864
7.6296 NaN 0.12928
7.91152 NaN 0.12928
6.60912 NaN 0.12928
8.83264 NaN 0.12928
7.40544 NaN 0.12928
8.50912 NaN 0.12928
4.2 NaN 0.12928
6.42656 NaN 0.12928
7.59632 NaN 0.12928
9.7312 NaN 0.12928
7.22288 NaN 0.12928
6.4016 NaN 0.12928
8.32656 NaN 0.12928
8.39264 NaN 0.12928
8.26832 NaN 0.12928
5.91216 NaN 0.12928
9.68128 NaN 0.12928
7.81216 NaN 0.12928
9.50656 NaN 0.12928
9.32352 NaN 0.12928
7.2728 NaN 0.12928
8.55024 NaN 0.12928
9.44832 NaN 0.12928
7.57136 NaN 0.12928
9.73952 NaN 0.12928
8.67504 NaN 0.12928
2.0176 NaN 0.12928
8.74944 NaN 0.12928
8.49248 NaN 0.12928
7.06528 NaN 0.12928
8.56688 NaN 0.12928
7.7456 NaN 0.12928
9.18208 NaN 0.12928
8.35152 NaN 0.12928
8.42592 NaN 0.12928
4.8656 NaN 0.65944
2.36416 NaN 0.12928
7.92816 NaN 0.12928
9.71456 NaN 0.12928
8.72448 NaN 0.12928
9.53152 NaN 0.12928
6.93264 NaN 0.12928
9.82272 NaN 0.12928
8.84928 NaN 0.12928
8.95744 NaN 0.12928
7.60464 NaN 0.12928
8.00304 NaN 0.12928
8.40096 NaN 0.12928
7.79552 NaN 0.12928
7.09024 NaN 0.12928
8.52576 NaN 0.12928
8.59184 NaN 0.12928
9.39008 NaN 0.12928
7.28944 NaN 0.12928
9.21536 NaN 0.12928
8.08576 NaN 0.12928
9.03232 NaN 0.12928
9.15712 NaN 0.12928
7.3888 NaN 0.12928
6.77504 NaN 0.12928
3.85344 NaN 0.12928
4.43296 NaN 0.12928
8.93248 NaN 0.12928
9.04896 NaN 0.12928
6.59248 NaN 0.12928
7.44704 NaN 0.12928
4.66592 NaN 0.32896
8.24336 NaN 0.12928
7.96976 NaN 0.12928
7.26448 NaN 0.12928
7.12352 NaN 0.12928
9.13216 NaN 0.12928
5.572 NaN 0.12928
6.75008 NaN 0.12928
9.42336 NaN 0.12928
9.24032 NaN 0.12928
9.1904 NaN 0.12928
8.65008 NaN 0.12928
2.19232 NaN 0.12928
9.54816 NaN 0.12928
6.94928 NaN 0.12928
9.36512 NaN 0.12928
9.83936 NaN 0.12928
9.65632 NaN 0.12928
5.52704 NaN 0.00832
