0.02096 0.10064
0.02096 0.11096
0.02096 0.12128
0.17888 0.10864
0.1872 0.10864
0.17888 0.11896
0.1872 0.11896
0.17888 0.12928
0.1872 0.12928
0.3536 0.10864
0.3536 0.11896
0.37024 0.10864
0.3536 0.12928
0.37024 0.11896
0.38688 0.10864
0.37024 0.12928
0.38688 0.11896
0.40352 0.10864
0.38688 0.12928
0.40352 0.11896
0.40352 0.12928
0.5616 0.10864
0.5616 0.11896
0.57824 0.10864
0.5616 0.12928
0.57824 0.11896
0.59488 0.10864
0.57824 0.12928
0.59488 0.11896
0.61152 0.10864
0.59488 0.12928
0.61152 0.11896
0.61152 0.12928
2.0176 0.10864
2.0176 0.11896
2.0176 0.12928
2.19232 0.10864
2.20064 0.10864
2.19232 0.11896
2.20064 0.11896
2.19232 0.12928
2.20064 0.12928
2.36416 0.10864
2.36416 0.11896
2.3808 0.10864
2.36416 0.12928
2.3808 0.11896
2.3808 0.12928
2.5472 0.10864
2.5472 0.11896
2.56384 0.10864
2.5472 0.12928
2.56384 0.11896
2.58048 0.10864
2.56384 0.12928
2.58048 0.11896
2.58048 0.12928
2.7552 0.10864
2.7552 0.11896
2.7552 0.12928
2.78016 0.10864
2.78016 0.11896
2.7968 0.10864
2.78016 0.12928
2.7968 0.11896
2.81344 0.10864
2.7968 0.12928
2.81344 0.11896
2.81344 0.12928
2.97984 0.10864
2.97984 0.11896
2.97984 0.12928
3.01312 0.10864
3.01312 0.11896
3.01312 0.12928
3.6704 0.10864
3.6704 0.11896
3.6704 0.12928
3.84512 0.10864
3.85344 0.10864
3.84512 0.11896
3.85344 0.11896
3.84512 0.12928
3.85344 0.12928
4.01696 0.10864
4.01696 0.11896
4.0336 0.10864
4.01696 0.12928
4.0336 0.11896
4.0336 0.12928
4.2 0.10864
4.2 0.11896
4.21664 0.10864
4.2 0.12928
4.21664 0.11896
4.23328 0.10864
4.21664 0.12928
4.23328 0.11896
4.23328 0.12928
4.408 0.10864
4.408 0.11896
4.408 0.12928
4.43296 0.10864
4.43296 0.11896
4.4496 0.10864
4.43296 0.12928
4.4496 0.11896
4.46624 0.10864
4.4496 0.12928
4.46624 0.11896
4.46624 0.12928
4.63264 0.10864
4.63264 0.11896
4.63264 0.12928
4.66592 0.10864
4.66592 0.11896
4.66592 0.12928
4.66592 0.30832
4.66592 0.31864
4.66592 0.32896
5.23184 0.10864
5.23184 0.11896
5.23184 0.12928
5.39776 0.10864
4.8656 0.64912
5.39776 0.11896
4.8656 0.65944
5.39776 0.12928
5.52704 0.00832
5.56368 0.10864
5.572 0.10864
5.56368 0.11896
5.58032 0.10864
5.572 0.11896
5.56368 0.12928
5.58032 0.11896
5.572 0.12928
5.58032 0.12928
5.7296 0.10864
5.73792 0.10864
5.7296 0.11896
5.74624 0.10864
5.73792 0.11896
5.7296 0.12928
5.74624 0.11896
5.73792 0.12928
5.74624 0.12928
5.89552 0.10864
5.90384 0.10864
5.89552 0.11896
5.91216 0.10864
5.90384 0.11896
5.89552 0.12928
5.92048 0.10864
5.91216 0.11896
5.90384 0.12928
5.92048 0.11896
5.91216 0.12928
5.92048 0.12928
6.06144 0.10864
6.06976 0.10864
6.06144 0.11896
6.07808 0.10864
6.06976 0.11896
6.06144 0.12928
6.0864 0.10864
6.07808 0.11896
6.06976 0.12928
6.09472 0.10864
6.0864 0.11896
6.07808 0.12928
6.09472 0.11896
6.0864 0.12928
6.09472 0.12928
6.22736 0.10864
6.23568 0.10864
6.22736 0.11896
6.244 0.10864
6.23568 0.11896
6.22736 0.12928
6.25232 0.10864
6.244 0.11896
6.23568 0.12928
6.26064 0.10864
6.25232 0.11896
6.244 0.12928
6.26896 0.10864
6.26064 0.11896
6.25232 0.12928
6.26896 0.11896
6.26064 0.12928
6.26896 0.12928
6.39328 0.10864
6.4016 0.10864
6.39328 0.11896
6.40992 0.10864
6.4016 0.11896
6.39328 0.12928
6.41824 0.10864
6.40992 0.11896
6.4016 0.12928
6.42656 0.10864
6.41824 0.11896
6.40992 0.12928
6.43488 0.10864
6.42656 0.11896
6.41824 0.12928
6.4432 0.10864
6.43488 0.11896
6.42656 0.12928
6.4432 0.11896
6.43488 0.12928
6.4432 0.12928
6.5592 0.10864
6.56752 0.10864
6.5592 0.11896
6.57584 0.10864
6.56752 0.11896
6.5592 0.12928
6.58416 0.10864
6.57584 0.11896
6.56752 0.12928
6.59248 0.10864
6.58416 0.11896
6.57584 0.12928
6.6008 0.10864
6.59248 0.11896
6.58416 0.12928
6.60912 0.10864
6.6008 0.11896
6.59248 0.12928
6.60912 0.11896
6.6008 0.12928
6.60912 0.12928
6.72512 0.10864
6.73344 0.10864
6.72512 0.11896
6.74176 0.10864
6.73344 0.11896
6.72512 0.12928
6.75008 0.10864
6.74176 0.11896
6.73344 0.12928
6.7584 0.10864
6.75008 0.11896
6.74176 0.12928
6.76672 0.10864
6.7584 0.11896
6.75008 0.12928
6.77504 0.10864
6.76672 0.11896
6.7584 0.12928
6.78336 0.10864
6.77504 0.11896
6.76672 0.12928
6.78336 0.11896
6.77504 0.12928
6.78336 0.12928
6.89104 0.10864
6.89936 0.10864
6.89104 0.11896
6.90768 0.10864
6.89936 0.11896
6.89104 0.12928
6.916 0.10864
6.90768 0.11896
6.89936 0.12928
6.92432 0.10864
6.916 0.11896
6.90768 0.12928
6.93264 0.10864
6.92432 0.11896
6.916 0.12928
6.94096 0.10864
6.93264 0.11896
6.92432 0.12928
6.94928 0.10864
6.94096 0.11896
6.93264 0.12928
6.9576 0.10864
6.94928 0.11896
6.94096 0.12928
6.9576 0.11896
6.94928 0.12928
6.9576 0.12928
7.05696 0.10864
7.06528 0.10864
7.05696 0.11896
7.0736 0.10864
7.06528 0.11896
7.05696 0.12928
7.08192 0.10864
7.0736 0.11896
7.06528 0.12928
7.09024 0.10864
7.08192 0.11896
7.0736 0.12928
7.09856 0.10864
7.09024 0.11896
7.08192 0.12928
7.10688 0.10864
7.09856 0.11896
7.09024 0.12928
7.1152 0.10864
7.10688 0.11896
7.09856 0.12928
7.12352 0.10864
7.1152 0.11896
7.10688 0.12928
7.13184 0.10864
7.12352 0.11896
7.1152 0.12928
7.13184 0.11896
7.12352 0.12928
7.13184 0.12928
7.22288 0.10864
7.2312 0.10864
7.22288 0.11896
7.23952 0.10864
7.2312 0.11896
7.22288 0.12928
7.24784 0.10864
7.23952 0.11896
7.2312 0.12928
7.25616 0.10864
7.24784 0.11896
7.23952 0.12928
7.26448 0.10864
7.25616 0.11896
7.24784 0.12928
7.2728 0.10864
7.26448 0.11896
7.25616 0.12928
7.28112 0.10864
7.2728 0.11896
7.26448 0.12928
7.28944 0.10864
7.28112 0.11896
7.2728 0.12928
7.29776 0.10864
7.28944 0.11896
7.28112 0.12928
7.30608 0.10864
7.29776 0.11896
7.28944 0.12928
7.30608 0.11896
7.29776 0.12928
7.30608 0.12928
7.3888 0.10864
7.39712 0.10864
7.3888 0.11896
7.40544 0.10864
7.39712 0.11896
7.3888 0.12928
7.41376 0.10864
7.40544 0.11896
7.39712 0.12928
7.42208 0.10864
7.41376 0.11896
7.40544 0.12928
7.4304 0.10864
7.42208 0.11896
7.41376 0.12928
7.43872 0.10864
7.4304 0.11896
7.42208 0.12928
7.44704 0.10864
7.43872 0.11896
7.4304 0.12928
7.45536 0.10864
7.44704 0.11896
7.43872 0.12928
7.46368 0.10864
7.45536 0.11896
7.44704 0.12928
7.472 0.10864
7.46368 0.11896
7.45536 0.12928
7.48032 0.10864
7.472 0.11896
7.46368 0.12928
7.48032 0.11896
7.472 0.12928
7.48032 0.12928
7.55472 0.10864
7.56304 0.10864
7.55472 0.11896
7.57136 0.10864
7.56304 0.11896
7.55472 0.12928
7.57968 0.10864
7.57136 0.11896
7.56304 0.12928
7.588 0.10864
7.57968 0.11896
7.57136 0.12928
7.59632 0.10864
7.588 0.11896
7.57968 0.12928
7.60464 0.10864
7.59632 0.11896
7.588 0.12928
7.61296 0.10864
7.60464 0.11896
7.59632 0.12928
7.62128 0.10864
7.61296 0.11896
7.60464 0.12928
7.6296 0.10864
7.62128 0.11896
7.61296 0.12928
7.63792 0.10864
7.6296 0.11896
7.62128 0.12928
7.64624 0.10864
7.63792 0.11896
7.6296 0.12928
7.65456 0.10864
7.64624 0.11896
7.63792 0.12928
7.65456 0.11896
7.64624 0.12928
7.65456 0.12928
7.72064 0.10864
7.72896 0.10864
7.72064 0.11896
7.73728 0.10864
7.72896 0.11896
7.72064 0.12928
7.7456 0.10864
7.73728 0.11896
7.72896 0.12928
7.75392 0.10864
7.7456 0.11896
7.73728 0.12928
7.76224 0.10864
7.75392 0.11896
7.7456 0.12928
7.77056 0.10864
7.76224 0.11896
7.75392 0.12928
7.77888 0.10864
7.77056 0.11896
7.76224 0.12928
7.7872 0.10864
7.77888 0.11896
7.77056 0.12928
7.79552 0.10864
7.7872 0.11896
7.77888 0.12928
7.80384 0.10864
7.79552 0.11896
7.7872 0.12928
7.81216 0.10864
7.80384 0.11896
7.79552 0.12928
7.82048 0.10864
7.81216 0.11896
7.80384 0.12928
7.8288 0.10864
7.82048 0.11896
7.81216 0.12928
7.8288 0.11896
7.82048 0.12928
7.8288 0.12928
7.88656 0.10864
7.89488 0.10864
7.88656 0.11896
7.9032 0.10864
7.89488 0.11896
7.88656 0.12928
7.91152 0.10864
7.9032 0.11896
7.89488 0.12928
7.91984 0.10864
7.91152 0.11896
7.9032 0.12928
7.92816 0.10864
7.91984 0.11896
7.91152 0.12928
7.93648 0.10864
7.92816 0.11896
7.91984 0.12928
7.9448 0.10864
7.93648 0.11896
7.92816 0.12928
7.95312 0.10864
7.9448 0.11896
7.93648 0.12928
7.96144 0.10864
7.95312 0.11896
7.9448 0.12928
7.96976 0.10864
7.96144 0.11896
7.95312 0.12928
7.97808 0.10864
7.96976 0.11896
7.96144 0.12928
7.9864 0.10864
7.97808 0.11896
7.96976 0.12928
7.99472 0.10864
7.9864 0.11896
7.97808 0.12928
8.00304 0.10864
7.99472 0.11896
7.9864 0.12928
8.00304 0.11896
7.99472 0.12928
8.00304 0.12928
8.05248 0.10864
8.0608 0.10864
8.05248 0.11896
8.06912 0.10864
8.0608 0.11896
8.05248 0.12928
8.07744 0.10864
8.06912 0.11896
8.0608 0.12928
8.08576 0.10864
8.07744 0.11896
8.06912 0.12928
8.09408 0.10864
8.08576 0.11896
8.07744 0.12928
8.1024 0.10864
8.09408 0.11896
8.08576 0.12928
8.11072 0.10864
8.1024 0.11896
8.09408 0.12928
8.11904 0.10864
8.11072 0.11896
8.1024 0.12928
8.12736 0.10864
8.11904 0.11896
8.11072 0.12928
8.13568 0.10864
8.12736 0.11896
8.11904 0.12928
8.144 0.10864
8.13568 0.11896
8.12736 0.12928
8.15232 0.10864
8.144 0.11896
8.13568 0.12928
8.16064 0.10864
8.15232 0.11896
8.144 0.12928
8.16896 0.10864
8.16064 0.11896
8.15232 0.12928
8.17728 0.10864
8.16896 0.11896
8.16064 0.12928
8.17728 0.11896
8.16896 0.12928
8.17728 0.12928
8.2184 0.10864
8.22672 0.10864
8.2184 0.11896
8.23504 0.10864
8.22672 0.11896
8.2184 0.12928
8.24336 0.10864
8.23504 0.11896
8.22672 0.12928
8.25168 0.10864
8.24336 0.11896
8.23504 0.12928
8.26 0.10864
8.25168 0.11896
8.24336 0.12928
8.26832 0.10864
8.26 0.11896
8.25168 0.12928
8.27664 0.10864
8.26832 0.11896
8.26 0.12928
8.28496 0.10864
8.27664 0.11896
8.26832 0.12928
8.29328 0.10864
8.28496 0.11896
8.27664 0.12928
8.3016 0.10864
8.29328 0.11896
8.28496 0.12928
8.30992 0.10864
8.3016 0.11896
8.29328 0.12928
8.31824 0.10864
8.30992 0.11896
8.3016 0.12928
8.32656 0.10864
8.31824 0.11896
8.30992 0.12928
8.33488 0.10864
8.32656 0.11896
8.31824 0.12928
8.3432 0.10864
8.33488 0.11896
8.32656 0.12928
8.35152 0.10864
8.3432 0.11896
8.33488 0.12928
8.35152 0.11896
8.3432 0.12928
8.35152 0.12928
8.38432 0.10864
8.39264 0.10864
8.38432 0.11896
8.40096 0.10864
8.39264 0.11896
8.38432 0.12928
8.40928 0.10864
8.40096 0.11896
8.39264 0.12928
8.4176 0.10864
8.40928 0.11896
8.40096 0.12928
8.42592 0.10864
8.4176 0.11896
8.40928 0.12928
8.43424 0.10864
8.42592 0.11896
8.4176 0.12928
8.44256 0.10864
8.43424 0.11896
8.42592 0.12928
8.45088 0.10864
8.44256 0.11896
8.43424 0.12928
8.4592 0.10864
8.45088 0.11896
8.44256 0.12928
8.46752 0.10864
8.4592 0.11896
8.45088 0.12928
8.47584 0.10864
8.46752 0.11896
8.4592 0.12928
8.48416 0.10864
8.47584 0.11896
8.46752 0.12928
8.49248 0.10864
8.48416 0.11896
8.47584 0.12928
8.5008 0.10864
8.49248 0.11896
8.48416 0.12928
8.50912 0.10864
8.5008 0.11896
8.49248 0.12928
8.51744 0.10864
8.50912 0.11896
8.5008 0.12928
8.52576 0.10864
8.51744 0.11896
8.50912 0.12928
8.52576 0.11896
8.51744 0.12928
8.52576 0.12928
8.55024 0.10864
8.55856 0.10864
8.55024 0.11896
8.56688 0.10864
8.55856 0.11896
8.55024 0.12928
8.5752 0.10864
8.56688 0.11896
8.55856 0.12928
8.58352 0.10864
8.5752 0.11896
8.56688 0.12928
8.59184 0.10864
8.58352 0.11896
8.5752 0.12928
8.60016 0.10864
8.59184 0.11896
8.58352 0.12928
8.60848 0.10864
8.60016 0.11896
8.59184 0.12928
8.6168 0.10864
8.60848 0.11896
8.60016 0.12928
8.62512 0.10864
8.6168 0.11896
8.60848 0.12928
8.63344 0.10864
8.62512 0.11896
8.6168 0.12928
8.64176 0.10864
8.63344 0.11896
8.62512 0.12928
8.65008 0.10864
8.64176 0.11896
8.63344 0.12928
8.6584 0.10864
8.65008 0.11896
8.64176 0.12928
8.66672 0.10864
8.6584 0.11896
8.65008 0.12928
8.67504 0.10864
8.66672 0.11896
8.6584 0.12928
8.68336 0.10864
8.67504 0.11896
8.66672 0.12928
8.69168 0.10864
8.68336 0.11896
8.67504 0.12928
8.7 0.10864
8.69168 0.11896
8.68336 0.12928
8.7 0.11896
8.69168 0.12928
8.71616 0.10864
8.7 0.12928
8.72448 0.10864
8.71616 0.11896
8.7328 0.10864
8.72448 0.11896
8.71616 0.12928
8.74112 0.10864
8.7328 0.11896
8.72448 0.12928
8.74944 0.10864
8.74112 0.11896
8.7328 0.12928
8.75776 0.10864
8.74944 0.11896
8.74112 0.12928
8.76608 0.10864
8.75776 0.11896
8.74944 0.12928
8.7744 0.10864
8.76608 0.11896
8.75776 0.12928
8.78272 0.10864
8.7744 0.11896
8.76608 0.12928
8.79104 0.10864
8.78272 0.11896
8.7744 0.12928
8.79936 0.10864
8.79104 0.11896
8.78272 0.12928
8.80768 0.10864
8.79936 0.11896
8.79104 0.12928
8.816 0.10864
8.80768 0.11896
8.79936 0.12928
8.82432 0.10864
8.816 0.11896
8.80768 0.12928
8.83264 0.10864
8.82432 0.11896
8.816 0.12928
8.84096 0.10864
8.83264 0.11896
8.82432 0.12928
8.84928 0.10864
8.84096 0.11896
8.83264 0.12928
8.8576 0.10864
8.84928 0.11896
8.84096 0.12928
8.86592 0.10864
8.8576 0.11896
8.84928 0.12928
8.87424 0.10864
8.86592 0.11896
8.8576 0.12928
8.88256 0.10864
8.87424 0.11896
8.86592 0.12928
8.89088 0.10864
8.88256 0.11896
8.87424 0.12928
8.8992 0.10864
8.89088 0.11896
8.88256 0.12928
8.90752 0.10864
8.8992 0.11896
8.89088 0.12928
8.91584 0.10864
8.90752 0.11896
8.8992 0.12928
8.92416 0.10864
8.91584 0.11896
8.90752 0.12928
8.93248 0.10864
8.92416 0.11896
8.91584 0.12928
8.9408 0.10864
8.93248 0.11896
8.92416 0.12928
8.94912 0.10864
8.9408 0.11896
8.93248 0.12928
8.95744 0.10864
8.94912 0.11896
8.9408 0.12928
8.96576 0.10864
8.95744 0.11896
8.94912 0.12928
8.97408 0.10864
8.96576 0.11896
8.95744 0.12928
8.9824 0.10864
8.97408 0.11896
8.96576 0.12928
8.99072 0.10864
8.9824 0.11896
8.97408 0.12928
8.99904 0.10864
8.99072 0.11896
8.9824 0.12928
9.00736 0.10864
8.99904 0.11896
8.99072 0.12928
9.01568 0.10864
9.00736 0.11896
8.99904 0.12928
9.024 0.10864
9.01568 0.11896
9.00736 0.12928
9.03232 0.10864
9.024 0.11896
9.01568 0.12928
9.04064 0.10864
9.03232 0.11896
9.024 0.12928
9.04896 0.10864
9.04064 0.11896
9.03232 0.12928
9.05728 0.10864
9.04896 0.11896
9.04064 0.12928
9.0656 0.10864
9.05728 0.11896
9.04896 0.12928
9.07392 0.10864
9.0656 0.11896
9.05728 0.12928
9.08224 0.10864
9.07392 0.11896
9.0656 0.12928
9.09056 0.10864
9.08224 0.11896
9.07392 0.12928
9.09888 0.10864
9.09056 0.11896
9.08224 0.12928
9.1072 0.10864
9.09888 0.11896
9.09056 0.12928
9.11552 0.10864
9.1072 0.11896
9.09888 0.12928
9.12384 0.10864
9.11552 0.11896
9.1072 0.12928
9.13216 0.10864
9.12384 0.11896
9.11552 0.12928
9.14048 0.10864
9.13216 0.11896
9.12384 0.12928
9.1488 0.10864
9.14048 0.11896
9.13216 0.12928
9.15712 0.10864
9.1488 0.11896
9.14048 0.12928
9.16544 0.10864
9.15712 0.11896
9.1488 0.12928
9.17376 0.10864
9.16544 0.11896
9.15712 0.12928
9.18208 0.10864
9.17376 0.11896
9.16544 0.12928
9.1904 0.10864
9.18208 0.11896
9.17376 0.12928
9.19872 0.10864
9.1904 0.11896
9.18208 0.12928
9.20704 0.10864
9.19872 0.11896
9.1904 0.12928
9.21536 0.10864
9.20704 0.11896
9.19872 0.12928
9.22368 0.10864
9.21536 0.11896
9.20704 0.12928
9.232 0.10864
9.22368 0.11896
9.21536 0.12928
9.24032 0.10864
9.232 0.11896
9.22368 0.12928
9.24864 0.10864
9.24032 0.11896
9.232 0.12928
9.25696 0.10864
9.24864 0.11896
9.24032 0.12928
9.26528 0.10864
9.25696 0.11896
9.24864 0.12928
9.2736 0.10864
9.26528 0.11896
9.25696 0.12928
9.28192 0.10864
9.2736 0.11896
9.26528 0.12928
9.29024 0.10864
9.28192 0.11896
9.2736 0.12928
9.29856 0.10864
9.29024 0.11896
9.28192 0.12928
9.30688 0.10864
9.29856 0.11896
9.29024 0.12928
9.3152 0.10864
9.30688 0.11896
9.29856 0.12928
9.32352 0.10864
9.3152 0.11896
9.30688 0.12928
9.33184 0.10864
9.32352 0.11896
9.3152 0.12928
9.34016 0.10864
9.33184 0.11896
9.32352 0.12928
9.34848 0.10864
9.34016 0.11896
9.33184 0.12928
9.3568 0.10864
9.34848 0.11896
9.34016 0.12928
9.36512 0.10864
9.3568 0.11896
9.34848 0.12928
9.37344 0.10864
9.36512 0.11896
9.3568 0.12928
9.38176 0.10864
9.37344 0.11896
9.36512 0.12928
9.39008 0.10864
9.38176 0.11896
9.37344 0.12928
9.3984 0.10864
9.39008 0.11896
9.38176 0.12928
9.40672 0.10864
9.3984 0.11896
9.39008 0.12928
9.41504 0.10864
9.40672 0.11896
9.3984 0.12928
9.42336 0.10864
9.41504 0.11896
9.40672 0.12928
9.43168 0.10864
9.42336 0.11896
9.41504 0.12928
9.44 0.10864
9.43168 0.11896
9.42336 0.12928
9.44832 0.10864
9.44 0.11896
9.43168 0.12928
9.45664 0.10864
9.44832 0.11896
9.44 0.12928
9.46496 0.10864
9.45664 0.11896
9.44832 0.12928
9.47328 0.10864
9.46496 0.11896
9.45664 0.12928
9.4816 0.10864
9.47328 0.11896
9.46496 0.12928
9.48992 0.10864
9.4816 0.11896
9.47328 0.12928
9.49824 0.10864
9.48992 0.11896
9.4816 0.12928
9.50656 0.10864
9.49824 0.11896
9.48992 0.12928
9.51488 0.10864
9.50656 0.11896
9.49824 0.12928
9.5232 0.10864
9.51488 0.11896
9.50656 0.12928
9.53152 0.10864
9.5232 0.11896
9.51488 0.12928
9.53984 0.10864
9.53152 0.11896
9.5232 0.12928
9.54816 0.10864
9.53984 0.11896
9.53152 0.12928
9.55648 0.10864
9.54816 0.11896
9.53984 0.12928
9.5648 0.10864
9.55648 0.11896
9.54816 0.12928
9.57312 0.10864
9.5648 0.11896
9.55648 0.12928
9.58144 0.10864
9.57312 0.11896
9.5648 0.12928
9.58976 0.10864
9.58144 0.11896
9.57312 0.12928
9.59808 0.10864
9.58976 0.11896
9.58144 0.12928
9.6064 0.10864
9.59808 0.11896
9.58976 0.12928
9.61472 0.10864
9.6064 0.11896
9.59808 0.12928
9.62304 0.10864
9.61472 0.11896
9.6064 0.12928
9.63136 0.10864
9.62304 0.11896
9.61472 0.12928
9.63968 0.10864
9.63136 0.11896
9.62304 0.12928
9.648 0.10864
9.63968 0.11896
9.63136 0.12928
9.65632 0.10864
9.648 0.11896
9.63968 0.12928
9.66464 0.10864
9.65632 0.11896
9.648 0.12928
9.67296 0.10864
9.66464 0.11896
9.65632 0.12928
9.68128 0.10864
9.67296 0.11896
9.66464 0.12928
9.6896 0.10864
9.68128 0.11896
9.67296 0.12928
9.69792 0.10864
9.6896 0.11896
9.68128 0.12928
9.70624 0.10864
9.69792 0.11896
9.6896 0.12928
9.71456 0.10864
9.70624 0.11896
9.69792 0.12928
9.72288 0.10864
9.71456 0.11896
9.70624 0.12928
9.7312 0.10864
9.72288 0.11896
9.71456 0.12928
9.73952 0.10864
9.7312 0.11896
9.72288 0.12928
9.74784 0.10864
9.73952 0.11896
9.7312 0.12928
9.75616 0.10864
9.74784 0.11896
9.73952 0.12928
9.76448 0.10864
9.75616 0.11896
9.74784 0.12928
9.7728 0.10864
9.76448 0.11896
9.75616 0.12928
9.78112 0.10864
9.7728 0.11896
9.76448 0.12928
9.78944 0.10864
9.78112 0.11896
9.7728 0.12928
9.79776 0.10864
9.78944 0.11896
9.78112 0.12928
9.80608 0.10864
9.79776 0.11896
9.78944 0.12928
9.8144 0.10864
9.80608 0.11896
9.79776 0.12928
9.82272 0.10864
9.8144 0.11896
9.80608 0.12928
9.83104 0.10864
9.82272 0.11896
9.8144 0.12928
9.83936 0.10864
9.83104 0.11896
9.82272 0.12928
9.84768 0.10864
9.83936 0.11896
9.83104 0.12928
9.856 0.10864
9.84768 0.11896
9.83936 0.12928
9.86432 0.10864
9.856 0.11896
9.84768 0.12928
9.87264 0.10864
9.86432 0.11896
9.856 0.12928
9.88096 0.10864
9.87264 0.11896
9.86432 0.12928
9.88928 0.10864
9.88096 0.11896
