0.01032 0.02064
0.01032 0.03096
0.0596 0.02864
0.06792 0.02864
0.0596 0.03896
0.06792 0.03896
0.11688 0.02864
0.1252 0.02864
0.11688 0.03896
0.13352 0.02864
0.1252 0.03896
0.14184 0.02864
0.13352 0.03896
0.14184 0.03896
0.17416 0.03168
0.18248 0.03168
0.17416 0.042
0.1908 0.03168
0.18248 0.042
0.19912 0.03168
0.1908 0.042
0.20744 0.03168
0.19912 0.042
0.21576 0.03168
0.20744 0.042
0.22408 0.03168
0.21576 0.042
0.2324 0.03168
0.22408 0.042
0.24072 0.03168
0.2324 0.042
0.24904 0.03168
0.24072 0.042
0.25736 0.03168
0.24904 0.042
0.26568 0.03168
0.25736 0.042
0.274 0.03168
0.26568 0.042
0.28232 0.03168
0.274 0.042
0.29064 0.03168
0.28232 0.042
0.29896 0.03168
0.29064 0.042
0.30728 0.03168
0.29896 0.042
0.3156 0.03168
0.30728 0.042
0.32392 0.03168
0.3156 0.042
0.32392 0.042
0.33224 0.04
0.33224 0.05032
0.34056 0.04832
0.34056 0.05864
0.34888 0.05664
0.34888 0.06696
0.3572 0.06496
0.36552 0.06496
0.3572 0.07528
0.37384 0.06496
0.36552 0.07528
0.38216 0.06496
0.37384 0.07528
0.39048 0.06496
0.38216 0.07528
0.3988 0.06496
0.39048 0.07528
0.40712 0.06496
0.3988 0.07528
0.41544 0.06496
0.40712 0.07528
0.42376 0.06496
0.41544 0.07528
0.43208 0.06496
0.42376 0.07528
0.4404 0.06496
0.43208 0.07528
0.44872 0.06496
0.4404 0.07528
0.45704 0.06496
0.44872 0.07528
0.46536 0.06496
0.45704 0.07528
0.47368 0.06496
0.46536 0.07528
0.482 0.06496
0.47368 0.07528
0.49032 0.06496
0.482 0.07528
0.49864 0.06496
0.49032 0.07528
0.49864 0.07528
0.50696 0.07328
0.50696 0.0836
0.51528 0.0816
0.51528 0.09192
0.5236 0.08992
0.5236 0.10024
0.53192 0.09824
0.54024 0.09824
0.53192 0.10856
0.54856 0.09824
0.54024 0.10856
0.55688 0.09824
0.54856 0.10856
0.5652 0.09824
0.55688 0.10856
0.57352 0.09824
0.5652 0.10856
0.58184 0.09824
0.57352 0.10856
0.59016 0.09824
0.58184 0.10856
0.59848 0.09824
0.59016 0.10856
0.6068 0.09824
0.59848 0.10856
0.61512 0.09824
0.6068 0.10856
0.62344 0.09824
0.61512 0.10856
0.63176 0.09824
0.62344 0.10856
0.64008 0.09824
0.63176 0.10856
0.6484 0.09824
0.64008 0.10856
0.65672 0.09824
0.6484 0.10856
0.66504 0.09824
0.65672 0.10856
0.67336 0.09824
0.66504 0.10856
0.68168 0.09824
0.67336 0.10856
0.69 0.09824
0.68168 0.10856
0.69832 0.09824
0.69 0.10856
0.70664 0.09824
0.69832 0.10856
0.71496 0.09824
0.70664 0.10856
0.72328 0.09824
0.71496 0.10856
0.7316 0.09824
0.72328 0.10856
0.73992 0.09824
0.7316 0.10856
0.74824 0.09824
0.73992 0.10856
0.75656 0.09824
0.74824 0.10856
0.76488 0.09824
0.75656 0.10856
0.7732 0.09824
0.76488 0.10856
0.78152 0.09824
0.7732 0.10856
0.78984 0.09824
0.78152 0.10856
0.79816 0.09824
0.78984 0.10856
0.80648 0.09824
0.79816 0.10856
0.8148 0.09824
0.80648 0.10856
0.82312 0.09824
0.8148 0.10856
0.83144 0.09824
0.82312 0.10856
0.83976 0.09824
0.83144 0.10856
0.84808 0.09824
0.83976 0.10856
0.8564 0.09824
0.84808 0.10856
0.86472 0.09824
0.8564 0.10856
0.87304 0.09824
0.86472 0.10856
0.88136 0.09824
0.87304 0.10856
0.88968 0.09824
0.88136 0.10856
0.898 0.09824
0.88968 0.10856
0.90632 0.09824
0.898 0.10856
0.91464 0.09824
0.90632 0.10856
0.92296 0.09824
0.91464 0.10856
0.93128 0.09824
0.92296 0.10856
0.9396 0.09824
0.93128 0.10856
0.94792 0.09824
0.9396 0.10856
0.95624 0.09824
0.94792 0.10856
0.96456 0.09824
0.95624 0.10856
0.97288 0.09824
0.96456 0.10856
0.9812 0.09824
0.97288 0.10856
0.98952 0.09824
0.9812 0.10856
0.99784 0.09824
0.98952 0.10856
1.00616 0.09824
0.99784 0.10856
1.01448 0.09824
1.00616 0.10856
1.0228 0.09824
1.01448 0.10856
1.03112 0.09824
1.0228 0.10856
1.03944 0.09824
1.03112 0.10856
1.04776 0.09824
1.03944 0.10856
1.05608 0.09824
1.04776 0.10856
1.0644 0.09824
1.05608 0.10856
1.07272 0.09824
1.0644 0.10856
1.08104 0.09824
1.07272 0.10856
1.08936 0.09824
1.08104 0.10856
1.09768 0.09824
1.08936 0.10856
1.106 0.09824
1.09768 0.10856
1.11432 0.09824
1.106 0.10856
1.12264 0.09824
1.11432 0.10856
1.13096 0.09824
1.12264 0.10856
1.13928 0.09824
1.13096 0.10856
1.1476 0.09824
1.13928 0.10856
1.15592 0.09824
1.1476 0.10856
1.16424 0.09824
1.15592 0.10856
1.17256 0.09824
1.16424 0.10856
1.18088 0.09824
1.17256 0.10856
1.1892 0.09824
1.18088 0.10856
1.19752 0.09824
1.1892 0.10856
1.20584 0.09824
1.19752 0.10856
1.21416 0.09824
1.20584 0.10856
1.22248 0.09824
1.21416 0.10856
1.2308 0.09824
1.22248 0.10856
1.23912 0.09824
1.2308 0.10856
1.24744 0.09824
1.23912 0.10856
1.25576 0.09824
1.24744 0.10856
1.26408 0.09824
1.25576 0.10856
1.2724 0.09824
1.26408 0.10856
1.28072 0.09824
1.2724 0.10856
1.28904 0.09824
1.28072 0.10856
1.29736 0.09824
1.28904 0.10856
1.30568 0.09824
1.29736 0.10856
1.314 0.09824
1.30568 0.10856
1.32232 0.09824
1.314 0.10856
1.33064 0.09824
1.32232 0.10856
1.33896 0.09824
1.33064 0.10856
1.34728 0.09824
1.33896 0.10856
1.3556 0.09824
1.34728 0.10856
1.36392 0.09824
1.3556 0.10856
1.37224 0.09824
1.36392 0.10856
1.38056 0.09824
1.37224 0.10856
1.38888 0.09824
1.38056 0.10856
1.3972 0.09824
1.38888 0.10856
1.40552 0.09824
1.3972 0.10856
1.41384 0.09824
1.40552 0.10856
1.42216 0.09824
1.41384 0.10856
1.43048 0.09824
1.42216 0.10856
1.4388 0.09824
1.43048 0.10856
1.44712 0.09824
1.4388 0.10856
1.45544 0.09824
1.44712 0.10856
1.46376 0.09824
1.45544 0.10856
1.47208 0.09824
1.46376 0.10856
1.4804 0.09824
1.47208 0.10856
1.48872 0.09824
1.4804 0.10856
1.49704 0.09824
1.48872 0.10856
1.50536 0.09824
1.49704 0.10856
1.51368 0.09824
1.50536 0.10856
1.522 0.09824
1.51368 0.10856
1.53032 0.09824
1.522 0.10856
1.53864 0.09824
1.53032 0.10856
1.54696 0.09824
1.53864 0.10856
1.55528 0.09824
1.54696 0.10856
1.5636 0.09824
1.55528 0.10856
1.57192 0.09824
1.5636 0.10856
1.58024 0.09824
1.57192 0.10856
1.58856 0.09824
1.58024 0.10856
1.59688 0.09824
1.58856 0.10856
1.6052 0.09824
1.59688 0.10856
1.61352 0.09824
1.6052 0.10856
1.62184 0.09824
1.61352 0.10856
1.63016 0.09824
1.62184 0.10856
1.63848 0.09824
1.63016 0.10856
1.6468 0.09824
1.63848 0.10856
1.65512 0.09824
1.6468 0.10856
1.66344 0.09824
1.65512 0.10856
1.67176 0.09824
1.66344 0.10856
1.68008 0.09824
1.67176 0.10856
1.6884 0.09824
1.68008 0.10856
1.69672 0.09824
1.6884 0.10856
1.70504 0.09824
1.69672 0.10856
1.71336 0.09824
1.70504 0.10856
1.72168 0.09824
1.71336 0.10856
1.73 0.09824
1.72168 0.10856
1.73832 0.09824
1.73 0.10856
1.74664 0.09824
1.73832 0.10856
1.75496 0.09824
1.74664 0.10856
1.76328 0.09824
1.75496 0.10856
1.7716 0.09824
1.76328 0.10856
1.77992 0.09824
1.7716 0.10856
1.78824 0.09824
1.77992 0.10856
1.79656 0.09824
1.78824 0.10856
1.80488 0.09824
1.79656 0.10856
1.8132 0.09824
1.80488 0.10856
1.82152 0.09824
1.8132 0.10856
1.82984 0.09824
1.82152 0.10856
1.83816 0.09824
1.82984 0.10856
1.84648 0.09824
1.83816 0.10856
1.8548 0.09824
1.84648 0.10856
1.86312 0.09824
1.8548 0.10856
1.87144 0.09824
1.86312 0.10856
1.87976 0.09824
1.87144 0.10856
1.88808 0.09824
1.87976 0.10856
1.8964 0.09824
1.88808 0.10856
1.90472 0.09824
1.8964 0.10856
1.91304 0.09824
1.90472 0.10856
1.92136 0.09824
1.91304 0.10856
1.92136 0.10856
1.92136 0.11488
1.92136 0.1232
1.92136 0.1252
1.92136 0.13152
1.92136 0.13352
1.92136 0.13984
1.92136 0.14184
1.92136 0.14816
1.92136 0.15016
1.92136 0.15648
1.92136 0.15848
1.92136 0.1648
1.92136 0.1668
1.92136 0.17312
1.92136 0.17512
1.92136 0.18144
1.92136 0.18344
1.92136 0.18976
1.92136 0.19176
1.92136 0.19808
1.92136 0.20008
1.92136 0.2064
1.92136 0.2084
1.92136 0.21472
1.92136 0.21672
1.92136 0.22304
1.92136 0.22504
1.92136 0.23136
1.92136 0.23336
1.92136 0.23968
1.92136 0.24168
1.92136 0.248
1.92136 0.25
1.92136 0.25632
1.92136 0.25832
1.92136 0.26464
1.92136 0.26664
2.08776 0.10656
1.92136 0.27496
2.08776 0.11688
2.22296 0.02864
2.23128 0.02864
2.22296 0.03896
2.23128 0.03896
2.28024 0.02864
2.28856 0.02864
2.28024 0.03896
2.29688 0.02864
2.28856 0.03896
2.3052 0.02864
2.29688 0.03896
2.3052 0.03896
2.33752 0.02864
2.33752 0.03896
2.34584 0.03696
2.34584 0.04728
2.35416 0.04528
2.36248 0.04528
2.35416 0.0556
2.3708 0.04528
2.36248 0.0556
2.37912 0.04528
2.3708 0.0556
2.38744 0.04528
2.37912 0.0556
2.39576 0.04528
2.38744 0.0556
2.40408 0.04528
2.39576 0.0556
2.4124 0.04528
2.40408 0.0556
2.42072 0.04528
2.4124 0.0556
2.42904 0.04528
2.42072 0.0556
2.43736 0.04528
2.42904 0.0556
2.44568 0.04528
2.43736 0.0556
2.454 0.04528
2.44568 0.0556
2.46232 0.04528
2.454 0.0556
2.47064 0.04528
2.46232 0.0556
2.47896 0.04528
2.47064 0.0556
2.48728 0.04528
2.47896 0.0556
2.4956 0.04528
2.48728 0.0556
2.50392 0.04528
2.4956 0.0556
2.50392 0.0556
2.51224 0.0536
2.51224 0.06392
2.52056 0.06192
2.52056 0.07224
2.52888 0.07024
2.5372 0.07024
2.52888 0.08056
2.54552 0.07024
2.5372 0.08056
2.55384 0.07024
2.54552 0.08056
2.56216 0.07024
2.55384 0.08056
2.57048 0.07024
2.56216 0.08056
2.5788 0.07024
2.57048 0.08056
2.58712 0.07024
2.5788 0.08056
2.59544 0.07024
2.58712 0.08056
2.60376 0.07024
2.59544 0.08056
2.61208 0.07024
2.60376 0.08056
2.62776 0.06288
2.61208 0.08056
2.63608 0.06288
2.62776 0.0732
2.6444 0.06288
2.63608 0.0732
2.65272 0.06288
2.6444 0.0732
2.66104 0.06288
2.65272 0.0732
2.66936 0.06288
2.66104 0.0732
2.67768 0.06288
2.66936 0.0732
2.686 0.06288
2.67768 0.0732
2.69432 0.06288
2.686 0.0732
2.69432 0.0732
2.70264 0.0712
2.71096 0.0712
2.70264 0.08152
2.71096 0.08152
2.71928 0.07952
2.71928 0.08984
2.7276 0.08784
2.7276 0.09816
2.73592 0.09616
2.74424 0.09616
2.73592 0.10648
2.75256 0.09616
2.74424 0.10648
2.76088 0.09616
2.75256 0.10648
2.7692 0.09616
2.76088 0.10648
2.77752 0.09616
2.7692 0.10648
2.78584 0.09616
2.77752 0.10648
2.79416 0.09616
2.78584 0.10648
2.80248 0.09616
2.79416 0.10648
2.8108 0.09616
2.80248 0.10648
2.81912 0.09616
2.8108 0.10648
2.82744 0.09616
2.81912 0.10648
2.84408 0.08784
2.82744 0.10648
2.86072 0.07952
2.84408 0.09816
2.86904 0.07952
2.86072 0.08984
2.87736 0.07952
2.86904 0.08984
2.88568 0.07952
2.87736 0.08984
2.894 0.07952
2.88568 0.08984
2.90232 0.07952
2.894 0.08984
2.90232 0.08984
2.91064 0.08784
2.91896 0.08784
2.91064 0.09816
2.92728 0.08784
2.91896 0.09816
2.92728 0.09816
2.9356 0.09616
2.94392 0.09616
2.9356 0.10648
2.95224 0.09616
2.94392 0.10648
2.96056 0.09616
2.95224 0.10648
2.96888 0.09616
2.96056 0.10648
2.9772 0.09616
2.96888 0.10648
2.98552 0.09616
2.9772 0.10648
2.99384 0.09616
2.98552 0.10648
3.00216 0.09616
2.99384 0.10648
3.01048 0.09616
3.00216 0.10648
3.0188 0.09616
3.01048 0.10648
3.02712 0.09616
3.0188 0.10648
3.03544 0.09616
3.02712 0.10648
3.04376 0.09616
3.03544 0.10648
3.05208 0.09616
3.04376 0.10648
3.0604 0.09616
3.05208 0.10648
3.06872 0.09616
3.0604 0.10648
3.07704 0.09616
3.06872 0.10648
3.08536 0.09616
3.07704 0.10648
3.09368 0.09616
3.08536 0.10648
3.102 0.09616
3.09368 0.10648
3.11032 0.09616
3.102 0.10648
3.11864 0.09616
3.11032 0.10648
3.12696 0.09616
3.11864 0.10648
3.13528 0.09616
3.12696 0.10648
3.1436 0.09616
3.13528 0.10648
3.15192 0.09616
3.1436 0.10648
3.16024 0.09616
3.15192 0.10648
3.16856 0.09616
3.16024 0.10648
3.17688 0.09616
3.16856 0.10648
3.1852 0.09616
3.17688 0.10648
3.19352 0.09616
3.1852 0.10648
3.20184 0.09616
3.19352 0.10648
3.21016 0.09616
3.20184 0.10648
3.21848 0.09616
3.21016 0.10648
3.2268 0.09616
3.21848 0.10648
3.23512 0.09616
3.2268 0.10648
3.24344 0.09616
3.23512 0.10648
3.25176 0.09616
3.24344 0.10648
3.26008 0.09616
3.25176 0.10648
3.2684 0.09616
3.26008 0.10648
3.27672 0.09616
3.2684 0.10648
3.28504 0.09616
3.27672 0.10648
3.29336 0.09616
3.28504 0.10648
3.30168 0.09616
3.29336 0.10648
3.31 0.09616
3.30168 0.10648
3.31832 0.09616
3.31 0.10648
3.32664 0.09616
3.31832 0.10648
3.33496 0.09616
3.32664 0.10648
3.34328 0.09616
3.33496 0.10648
3.3516 0.09616
3.34328 0.10648
3.35992 0.09616
3.3516 0.10648
3.36824 0.09616
3.35992 0.10648
3.37656 0.09616
3.36824 0.10648
3.38488 0.09616
3.37656 0.10648
3.3932 0.09616
3.38488 0.10648
3.40152 0.09616
3.3932 0.10648
3.40984 0.09616
3.40152 0.10648
3.41816 0.09616
3.40984 0.10648
3.42648 0.09616
3.41816 0.10648
3.4348 0.09616
3.42648 0.10648
3.44312 0.09616
3.4348 0.10648
3.45144 0.09616
3.44312 0.10648
3.45976 0.09616
3.45144 0.10648
3.46808 0.09616
3.45976 0.10648
3.4764 0.09616
3.46808 0.10648
3.48472 0.09616
3.4764 0.10648
3.49304 0.09616
3.48472 0.10648
3.50136 0.09616
3.49304 0.10648
3.50968 0.09616
3.50136 0.10648
3.518 0.09616
3.50968 0.10648
3.52632 0.09616
3.518 0.10648
3.53464 0.09616
3.52632 0.10648
3.54296 0.09616
3.53464 0.10648
3.55128 0.09616
3.54296 0.10648
3.5596 0.09616
3.55128 0.10648
3.56792 0.09616
3.5596 0.10648
3.57624 0.09616
3.56792 0.10648
3.57624 0.10648
3.57624 0.1128
3.57624 0.12112
3.57624 0.12312
3.57624 0.12944
3.57624 0.13144
3.57624 0.13776
3.57624 0.13976
3.57624 0.14608
3.57624 0.14808
3.57624 0.1544
3.57624 0.1564
3.57624 0.16272
3.57624 0.16472
3.57624 0.17104
3.57624 0.17304
3.57624 0.17936
3.57624 0.18136
3.57624 0.18768
3.57624 0.18968
3.57624 0.196
3.57624 0.198
3.57624 0.20432
3.57624 0.20632
3.57624 0.21264
3.57624 0.21464
3.57624 0.22096
3.57624 0.22296
3.57624 0.22928
3.57624 0.23128
3.57624 0.2376
3.57624 0.2396
3.57624 0.24592
3.57624 0.24792
3.57624 0.25424
3.57624 0.25624
3.57624 0.26256
3.57624 0.26456
3.74264 0.10448
3.57624 0.27288
3.74264 0.1148
3.87576 0.02864
3.88408 0.02864
3.87576 0.03896
3.88408 0.03896
3.93304 0.02864
3.94136 0.02864
3.93304 0.03896
3.94968 0.02864
3.94136 0.03896
3.958 0.02864
3.94968 0.03896
3.958 0.03896
3.99032 0.02864
3.99032 0.03896
3.99864 0.03696
3.99864 0.04728
4.00696 0.04528
4.01528 0.04528
4.00696 0.0556
4.0236 0.04528
4.01528 0.0556
4.03192 0.04528
4.0236 0.0556
4.04024 0.04528
4.03192 0.0556
4.04856 0.04528
4.04024 0.0556
4.05688 0.04528
4.04856 0.0556
4.0652 0.04528
4.05688 0.0556
4.07352 0.04528
4.0652 0.0556
4.08184 0.04528
4.07352 0.0556
4.09016 0.04528
4.08184 0.0556
4.09848 0.04528
4.09016 0.0556
4.1068 0.04528
4.09848 0.0556
4.11512 0.04528
4.1068 0.0556
4.12344 0.04528
4.11512 0.0556
4.13176 0.04528
4.12344 0.0556
4.14008 0.04528
4.13176 0.0556
4.1484 0.04528
4.14008 0.0556
4.15672 0.04528
4.1484 0.0556
4.15672 0.0556
4.16504 0.0536
4.16504 0.06392
4.17336 0.06192
4.17336 0.07224
4.18168 0.07024
4.19 0.07024
4.18168 0.08056
4.19832 0.07024
4.19 0.08056
4.20664 0.07024
4.19832 0.08056
4.21496 0.07024
4.20664 0.08056
4.22328 0.07024
4.21496 0.08056
4.2316 0.07024
4.22328 0.08056
4.23992 0.07024
4.2316 0.08056
4.24824 0.07024
4.23992 0.08056
4.25656 0.07024
4.24824 0.08056
4.26488 0.07024
4.25656 0.08056
4.28056 0.06288
4.26488 0.08056
4.28888 0.06288
4.28056 0.0732
4.2972 0.06288
4.28888 0.0732
4.30552 0.06288
4.2972 0.0732
4.31384 0.06288
4.30552 0.0732
4.32216 0.06288
4.31384 0.0732
4.33048 0.06288
4.32216 0.0732
4.3388 0.06288
4.33048 0.0732
4.34712 0.06288
4.3388 0.0732
4.34712 0.0732
4.35544 0.0712
4.36376 0.0712
4.35544 0.08152
4.36376 0.08152
4.37208 0.07952
4.37208 0.08984
4.3804 0.08784
4.3804 0.09816
4.38872 0.09616
4.39704 0.09616
4.38872 0.10648
4.40536 0.09616
4.39704 0.10648
4.41368 0.09616
4.40536 0.10648
4.422 0.09616
4.41368 0.10648
4.43032 0.09616
4.422 0.10648
4.43864 0.09616
4.43032 0.10648
4.44696 0.09616
4.43864 0.10648
4.45528 0.09616
4.44696 0.10648
4.4636 0.09616
4.45528 0.10648
4.47192 0.09616
4.4636 0.10648
4.48024 0.09616
4.47192 0.10648
4.49688 0.08784
4.48024 0.10648
4.51352 0.07952
4.49688 0.09816
4.52184 0.07952
4.51352 0.08984
4.53016 0.07952
4.52184 0.08984
4.53848 0.07952
4.53016 0.08984
4.5468 0.07952
4.53848 0.08984
4.55512 0.07952
4.5468 0.08984
4.55512 0.08984
4.56344 0.08784
4.57176 0.08784
4.56344 0.09816
4.58008 0.08784
4.57176 0.09816
4.58008 0.09816
4.5884 0.09616
4.59672 0.09616
4.5884 0.10648
4.60504 0.09616
4.59672 0.10648
4.61336 0.09616
4.60504 0.10648
4.62168 0.09616
4.61336 0.10648
4.63 0.09616
4.62168 0.10648
4.63832 0.09616
4.63 0.10648
4.64664 0.09616
4.63832 0.10648
4.65496 0.09616
4.64664 0.10648
4.66328 0.09616
4.65496 0.10648
4.6716 0.09616
4.66328 0.10648
4.67992 0.09616
4.6716 0.10648
4.68824 0.09616
4.67992 0.10648
4.69656 0.09616
4.68824 0.10648
4.7132 0.08784
4.69656 0.10648
4.72152 0.08784
4.7132 0.09816
4.72984 0.08784
4.72152 0.09816
4.73816 0.08784
4.72984 0.09816
4.74648 0.08784
4.73816 0.09816
4.7548 0.08784
4.74648 0.09816
4.76312 0.08784
4.7548 0.09816
4.77144 0.08784
4.76312 0.09816
4.77976 0.08784
4.77144 0.09816
4.77976 0.09816
4.78808 0.09616
4.7964 0.09616
4.78808 0.10648
4.80472 0.09616
4.7964 0.10648
4.81304 0.09616
4.80472 0.10648
4.82136 0.09616
4.81304 0.10648
4.82968 0.09616
4.82136 0.10648
4.838 0.09616
4.82968 0.10648
4.84632 0.09616
4.838 0.10648
4.85464 0.09616
4.84632 0.10648
4.86296 0.09616
4.85464 0.10648
4.87128 0.09616
4.86296 0.10648
4.8796 0.09616
4.87128 0.10648
4.88792 0.09616
4.8796 0.10648
4.89624 0.09616
4.88792 0.10648
4.90456 0.09616
4.89624 0.10648
4.91288 0.09616
4.90456 0.10648
4.9212 0.09616
4.91288 0.10648
4.92952 0.09616
4.9212 0.10648
4.93784 0.09616
4.92952 0.10648
4.94616 0.09616
4.93784 0.10648
4.95448 0.09616
4.94616 0.10648
4.9628 0.09616
4.95448 0.10648
4.97112 0.09616
4.9628 0.10648
4.97944 0.09616
4.97112 0.10648
4.98776 0.09616
4.97944 0.10648
4.99608 0.09616
4.98776 0.10648
5.0044 0.09616
4.99608 0.10648
5.01272 0.09616
5.0044 0.10648
5.02104 0.09616
5.01272 0.10648
5.02936 0.09616
5.02104 0.10648
5.02936 0.10648
